tree
version=v4
num_class=1
num_tree_per_iteration=1
label_index=0
max_feature_idx=99
objective=regression
feature_names=ats_margin_avg3_away ats_margin_avg3_home coaching_tenure_home diff_adj_def_epa_roll3 diff_adj_def_epa_std diff_adj_off_epa_std diff_away_def_epa_roll3 diff_away_def_epa_roll6 diff_away_off_epa_roll3 diff_away_off_epa_roll6 diff_def_explosive_rush_rate_roll3 diff_def_explosive_rush_rate_std diff_def_injury_impact_roll3 diff_def_injury_impact_std diff_def_penalties_drawn_std diff_def_penalties_std diff_def_penalty_yards_drawn_roll3 diff_def_penalty_yards_drawn_roll6 diff_def_penalty_yards_roll6 diff_def_rz_epa_roll3 diff_def_rz_epa_roll6 diff_def_rz_pass_rate_roll3 diff_def_rz_pass_rate_roll6 diff_def_rz_success_rate_roll6 diff_def_rz_td_rate_roll3 diff_def_sack_rate_std diff_def_success_rate_roll3 diff_def_third_down_rate_roll3 diff_def_three_and_out_rate_roll6 diff_div_def_epa_roll6 diff_div_off_epa_std diff_early_down_run_rate_roll3 diff_fg_att_roll3 diff_fg_pct_long_roll3 diff_fg_pct_mid_roll3 diff_fg_pct_roll6 diff_fourth_down_success_rate_roll3 diff_fourth_down_success_rate_std diff_home_def_epa_roll3 diff_home_def_epa_std diff_home_off_epa_roll3 diff_home_off_epa_roll6 diff_ko_return_avg_roll6 diff_ko_return_avg_std diff_ko_touchback_rate_roll3 diff_leading_def_epa_roll3 diff_leading_def_epa_roll6 diff_leading_def_epa_std diff_leading_off_epa_std diff_nondiv_def_epa_roll3 diff_nondiv_def_epa_roll6 diff_nondiv_off_epa_roll6 diff_off_avg_drive_plays_std diff_off_cpoe_roll6 diff_off_drives_per_game_roll3 diff_off_drives_per_game_roll6 diff_off_epa_per_play_roll6 diff_off_penalty_yards_drawn_roll3 diff_off_penalty_yards_drawn_roll6 diff_off_penalty_yards_std diff_off_rush_epa_roll6 diff_off_rz_epa_roll6 diff_off_rz_pass_rate_std diff_off_rz_success_rate_std diff_off_rz_td_rate_roll3 diff_off_rz_trips_roll6 diff_off_sack_rate_std diff_off_sos_score_roll3 diff_off_success_rate_roll3 diff_off_success_rate_roll6 diff_off_third_down_rate_roll6 diff_off_three_and_out_rate_roll6 diff_off_top_seconds_std diff_opening_spread diff_opp_fumble_recovery_rate_std diff_opp_fumble_recovery_rate_std_std diff_own_fumble_recovery_rate_std diff_own_fumble_recovery_rate_std_roll3 diff_pace_roll3 diff_pace_roll6 diff_punt_return_avg_roll3 diff_punt_return_avg_roll6 diff_qb_injury_impact_std diff_qb_passing_epa_roll3 diff_rb_weighted_epa_roll3 diff_rb_weighted_epa_std diff_skill_injury_impact_roll3 diff_skill_injury_impact_roll6 diff_trailing_def_epa_roll6 diff_trailing_off_epa_roll6 diff_travel_miles diff_tz_diff diff_win_pct div_game opening_total_away ref_penalties_per_game_away temperature_home travel_miles_away wind_speed_home wins_home
feature_infos=[-38:39] [-42:42] [1:17] [-0.71541596949100494:0.88652980327606201] [-0.71541596949100494:0.88652980327606201] [-0.89615999162197113:0.75189545750617981] [-0.74047915264964104:0.81195994466543198] [-0.76172319302956271:0.81195994466543198] [-0.95676788687705994:0.98236359283328056] [-0.73939523100852966:0.84628571569919586] [-0.2424242424242424:0.23763515067862895] [-0.2424242424242424:0.20042417815482502] [-4.1500000000000004:3.7666666666666666] [-4.1500000000000004:3] [-8:7] [-5:7] [-69:77] [-69:77] [-94:80] [-2.8487167047957578:2.7074642988542714] [-2.2391043901443481:2.4243320624033609] [-0.8333333283662796:0.90909093618392944] [-0.8333333283662796:0.90909093618392944] [-0.69230768084526062:0.8333333283662796] [-1:1] [-0.14705882966518402:0.1666666716337204] [-0.24968472123146057:0.30359803140163422] [-0.57142859697341919:0.56666663289070129] [-0.46153846153846156:0.40909090909090906] [-0.86481103301048279:0.78134894371032715] [-0.75205850601196289:1.0891301482915878] [-0.43678160919540232:0.37921435199505099] [-4:4] [-1:1] [-1:1] [-1:1] [-1:1] [-1:1] [-0.94794753938913345:0.88652980327606201] [-0.80247220396995544:0.88652980327606201] [-0.98565264667073882:1.1111797392368317] [-0.62429746985435486:1.1150727421045303] [-48.5:47.125] [-48.5:47.125] [-1:1] [-6.2839754968881607:8.9713747501373291] [-5.3859257698059082:5.3745922148227692] [-5.3859257698059082:5.3745922148227692] [-4.8015694357454777:5.439639899879694] [-0.73443540185689926:0.88652980327606201] [-0.65543012320995331:0.88652980327606201] [-0.66089094678560889:0.75189545750617981] [-3.583333333333333:4.5] [-30.688534736633301:38.514461517333984] [-8:7] [-8:7] [-0.89615999162197113:0.84700344502925873] [-77:94] [-77:94] [-75:50] [-0.67900723963975906:1.0113861858844757] [-3.2184919714927673:2.1583511233329773] [-0.71428570151329041:0.8333333283662796] [-0.73333331942558289:0.84615384042263031] [-1:1] [-6:5] [-0.16287340596318245:0.14610389992594719] [-0.73939523100852966:0.81203330308198929] [-0.38152013719081879:0.27322402596473694] [-0.38152013719081879:0.27322402596473694] [-0.44230771064758301:0.62727269530296326] [-0.4116161616161616:0.57575757575757569] [-984:879] [-33:43] [-1:1] [-1:1] [-1:1] [-1:1] [-34:32] [-34:32] [-26.999999523162842:45.416667938232422] [-26.999999523162842:45.416667938232422] [-1:1] [-39.962821960449219:40.751319885253906] [-8.528332817309348:10.559087289124728] [-7.6779916545954237:10.559087289124728] [-2.9489422087868058:2.8925925925374032] [-2.4974933153018357:2.3574074074074076] [-2.9358330816030502:2.9467598820726075] [-2.5981578990817069:2.2618493437767029] [-2719.8000000000002:1992.7000000000003] [-8:3] [-1:1] [0:1] [10.5:63.5] [4:26] [1:97] [0:5266.8000000000002] [0:71] [0:14]
tree_sizes=1371 1433 1427 1352 1437 1339 1356 1510 1180 1435 1430 1505 1255 1510 1359 1236 1523 1416 1433 1508 1255 1437

Tree=0
num_leaves=15
num_cat=0
split_feature=94 94 50 5 87 98 37 53 84 10 35 6 5 54
split_gain=21960.3 5200.32 2809.53 3028.32 2943.63 2763.35 2508.94 2221.69 1852.7 1507.16 1281.09 1269.79 1179.95 1016.62
threshold=47.750000000000007 42.250000000000007 0.11688532799113698 -0.047611347809877413 -0.49922972863978948 8.5000000000000018 -0.48124999900658921 -3.007461309432983 -0.35390634701943102 -0.087676757464728736 0.033333333333333388 -0.10867693321779369 0.0074825326983745302 0.58333333333333315
decision_type=10 8 10 10 10 10 8 10 8 10 8 8 8 10
left_child=1 6 3 -3 -4 7 -1 10 13 -9 -2 -10 -8 -7
right_child=5 2 4 -5 -6 8 12 9 11 -11 -12 -13 -14 -15
leaf_value=45.71614216911815 46.089241190134778 45.385241228463933 45.584700656627128 45.575605780763198 45.201977671349823 45.952421676032998 45.129860825468391 45.357615829615099 45.705813833211373 45.74909268588479 45.793862629134821 45.283306227150199 45.310865411632093 45.500547085933853
leaf_weight=23 87 357 66 489 180 27 202 24 20 244 98 59 198 21
leaf_count=23 87 357 66 489 180 27 202 24 20 244 98 59 198 21
internal_value=45.4936 45.3934 45.4515 45.4951 45.3046 45.7539 45.2456 45.8112 45.5448 45.712 45.9451 45.3971 45.216 45.775
internal_weight=2095 1515 1092 846 246 580 423 453 127 268 185 79 400 48
internal_count=2095 1515 1092 846 246 580 423 453 127 268 185 79 400 48
is_linear=0
shrinkage=1


Tree=1
num_leaves=15
num_cat=0
split_feature=98 1 9 68 90 51 84 86 29 23 51 96 98 37
split_gain=7217.44 3315.16 3193.42 2892.14 2707.7 3119.93 2422.37 2178.1 2077.55 1861.17 1716.08 1618.47 1242.52 615.94
threshold=6.5000000000000009 -4.083333333333333 0.24001805041916671 0.037067477901776648 -972.49999999999989 -0.14951431813339391 2.7739849718807172 0.12559657958336176 -0.018949325506885845 -0.021345243478814748 0.10828530549382172 52.500000000000007 11.500000000000002 0.05000000248352688
decision_type=8 10 10 10 10 8 10 10 8 10 10 8 8 10
left_child=2 11 4 8 5 -1 9 -5 -3 -4 -6 13 -13 -2
right_child=1 3 6 7 10 -7 -8 -9 -10 -11 -12 12 -14 -15
leaf_value=-0.13993560474414332 -0.49375696612987668 -0.086656591963282847 0.20761281705283105 -0.29978399653645121 0.026950894638895991 0.21304380537366138 -0.029881175305392294 0.033246767260134223 0.13999924884457901 0.71742190519968674 -0.1936623362458755 -0.027082046890845063 -0.25230155060613962 -0.2045389359816909
leaf_weight=72 59 167 42 131 495 354 32 75 241 37 102 117 128 43
leaf_count=72 59 167 42 131 495 354 32 75 241 37 102 117 128 43
internal_value=9.0833e-05 -0.100419 0.0853777 -0.0299289 0.0568203 0.152338 0.334344 -0.180383 0.0471789 0.475471 -0.0119542 -0.222808 -0.14764 -0.387554
internal_weight=2095 961 1134 614 1023 426 111 206 408 79 597 347 245 102
internal_count=2095 961 1134 614 1023 426 111 206 408 79 597 347 245 102
is_linear=0
shrinkage=0.05


Tree=2
num_leaves=15
num_cat=0
split_feature=94 94 30 14 37 31 42 79 90 61 55 94 51 26
split_gain=19698 4569.8 2614.25 2294.66 2252.66 1901.91 1655.58 1574.92 1470.18 1444.7 1321.07 1234.86 1139.33 557.599
threshold=47.750000000000007 42.250000000000007 0.19910576262045654 0.23076923076923064 -0.48124999900658921 -0.059056733894135814 -3.8361111402511585 5.4166666666666652 -1118.1499999999999 -0.17468600968519843 0.66666666666666707 55.750000000000007 0.023815982121353354 -0.021149093906084684
decision_type=10 8 10 10 8 10 10 10 10 10 10 10 10 10
left_child=1 4 8 7 -1 10 -7 11 -3 -4 -5 -2 -6 -9
right_child=3 2 9 5 12 6 -8 13 -10 -11 -12 -13 -14 -15
leaf_value=0.21230582898216591 0.17196265449902148 0.014585298569927439 -0.12542563353266034 -0.066110571864105405 -0.33299234643827924 0.2250234153820202 0.58829837309626443 0.059254167023403893 -0.11458758389468837 0.24996012559643499 0.3765270794260091 0.55079797005653386 -0.15349243854918676 -0.26392761147939242
leaf_weight=23 296 337 30 37 234 59 99 24 622 103 24 20 166 21
leaf_count=23 296 337 30 37 234 59 99 24 622 103 24 20 166 21
internal_value=3.51765e-05 -0.0948291 -0.0402939 0.246605 -0.233383 0.374005 0.464016 0.165128 -0.0693032 0.163448 0.122616 0.204301 -0.261438 -0.101875
internal_weight=2095 1515 1092 580 423 219 158 361 959 133 61 316 400 45
internal_count=2095 1515 1092 580 423 219 158 361 959 133 61 316 400 45
is_linear=0
shrinkage=0.05


Tree=3
num_leaves=14
num_cat=0
split_feature=94 94 94 37 11 30 31 10 90 7 14 29 40
split_gain=17911.1 3689.27 2421.25 2054.14 2038.87 1987.49 1586.95 2048.39 1543.99 1523.46 1142.8 1141.53 1087.83
threshold=47.250000000000007 42.250000000000007 51.250000000000007 -0.48124999900658921 -0.046743404709229504 0.19910576262045654 -0.059056733894135814 -0.049041110070893582 -1118.1499999999999 -0.04323441550756494 -0.91287878787878773 0.18016571708722043 -0.055423129117116325
decision_type=10 8 10 8 8 10 8 10 10 10 10 8 8
left_child=1 3 6 -1 -4 8 12 -8 -3 -6 -7 -5 -2
right_child=2 5 4 11 9 10 7 -9 -10 -11 -12 -13 -14
leaf_value=0.20358612992401637 0.15107664089311254 0.015848038006493183 -0.064917440147235481 -0.31315640809750839 0.54865875206518877 -0.13404804897164144 0.016969025752565883 0.28309551888006801 -0.12088601100210357 0.23901072614529034 0.21828270357847215 -0.13071070548244998 -0.14796735948937781
leaf_weight=23 50 318 24 253 96 26 106 230 575 89 95 147 63
leaf_count=23 50 318 24 253 96 26 106 230 575 89 95 147 63
internal_value=0.000201534 -0.0986714 0.21532 -0.221874 0.355135 -0.0463908 0.146935 0.200765 -0.0723218 0.410166 0.139863 -0.248673 -0.0144285
internal_weight=2095 1437 658 423 209 1014 449 336 893 185 121 400 113
internal_count=2095 1437 658 423 209 1014 449 336 893 185 121 400 113
is_linear=0
shrinkage=0.05


Tree=4
num_leaves=15
num_cat=0
split_feature=98 1 9 8 90 51 84 86 36 50 23 60 33 88
split_gain=6242.27 2950.13 2806.17 2695.16 2256.54 2796.51 2194.76 2040.16 1848.6 1687.26 1663.67 1211.91 1169.62 1038.9
threshold=6.5000000000000009 -4.083333333333333 0.24001805041916671 -0.030523726716637608 -972.49999999999989 -0.17020228831097481 2.7739849718807172 0.10953583501811541 1.0000000180025095e-35 0.11963682272471489 -0.021345243478814748 0.054346318667133652 -0.73611111111111105 0.070141131733544179
decision_type=8 10 10 10 10 8 10 10 8 8 10 10 10 8
left_child=2 11 4 7 5 -1 10 -3 -6 -5 -4 13 -13 -2
right_child=1 3 6 9 8 -7 -8 -9 -10 -11 -12 12 -14 -15
leaf_value=-0.16306261283655962 0.0094383435818967947 -0.016710839944911036 0.19434953354140547 -0.05877395554312638 -0.10239076699273518 0.19233439027457624 -0.032993683923740649 0.25481283504755126 0.072403117009319617 -0.32387206800925883 0.67601506922926224 -0.16726309556584315 -0.54685879292640283 -0.21047617790507195
leaf_weight=61 74 187 42 247 281 365 32 104 316 76 37 48 42 183
leaf_count=61 74 187 42 247 281 365 32 104 316 76 37 48 42 183
internal_value=0.000283701 -0.0931882 0.079601 -0.026702 0.05283 0.140027 0.312985 0.0828247 -0.00995408 -0.125289 0.447346 -0.20864 -0.364393 -0.147992
internal_weight=2095 961 1134 614 1023 426 111 291 597 323 79 347 90 257
internal_count=2095 961 1134 614 1023 426 111 291 597 323 79 347 90 257
is_linear=0
shrinkage=0.05


Tree=5
num_leaves=14
num_cat=0
split_feature=94 94 14 1 21 53 58 38 11 87 20 94 63
split_gain=16051.9 3685.18 2049.85 1969.25 2331.34 1755.86 2480 1751.78 1656.21 1653.44 1469.28 1594.9 1314.83
threshold=47.750000000000007 43.750000000000007 0.23076923076923064 1.9166666666666667 0.10857051859299345 -2.538860609134038 5.0000000000000027 0.38528866600245243 -0.033105427160784039 -0.8521484371274709 -0.6746108757021525 55.750000000000007 -0.10306511845153112
decision_type=10 8 10 10 8 8 8 10 10 8 8 10 8
left_child=1 5 10 9 -5 12 -7 8 -4 -3 -2 -12 -1
right_child=2 3 7 4 -6 6 -8 -9 -10 -11 11 -13 -14
leaf_value=-0.063553333336656748 0.52010485024750241 0.20100691148638727 0.010340002179145814 0.1794884697984209 -0.098313550914035125 -0.015006125115522351 -0.25795743223639894 -0.082982824087142956 0.4415680918130982 -0.10071706313825431 0.084526594363726115 0.49549384128588897 -0.36573899964229289
leaf_weight=50 20 45 26 204 114 253 176 20 173 517 320 21 156
leaf_count=50 20 45 26 204 114 253 176 20 173 517 320 21 156
internal_value=0.000238201 -0.0853957 0.222823 -0.0188251 0.079764 -0.176705 -0.116617 0.343058 0.387106 -0.07491 0.146056 0.116775 -0.295874
internal_weight=2095 1515 580 880 318 635 429 219 199 562 361 341 206
internal_count=2095 1515 580 880 318 635 429 219 199 562 361 341 206
is_linear=0
shrinkage=0.05


Tree=6
num_leaves=14
num_cat=0
split_feature=94 94 50 94 54 37 48 11 35 61 61 7 35
split_gain=14617.5 3038.46 2208.39 2129.42 2109.08 1869.67 1790.95 1789.26 1494.78 2659.21 1912.97 1413.26 1148.42
threshold=47.250000000000007 42.250000000000007 0.11688532799113698 51.250000000000007 1.3333333333333333 -0.48124999900658921 0.5191779476368712 -0.046743404709229504 -0.016666666666666771 -0.11415928074469169 -0.076858891236285351 -0.04323441550756494 0.06666666666666661
decision_type=10 8 10 10 8 8 8 8 10 10 10 10 10
left_child=1 5 4 8 -3 -1 -4 -5 9 -2 -10 -9 -7
right_child=3 2 6 7 -6 12 -8 11 10 -11 -12 -13 -14
leaf_value=0.20407037021858351 0.043309890560981799 0.056442249962743718 -0.23560461308946834 -0.066718989167490902 -0.11741880697126572 -0.28731039374399542 0.1218956458297643 0.50998001856969133 0.20763264039362017 0.37208057281513907 -0.096220331018169736 0.21406623698929522 -0.10318968850122373
leaf_weight=23 122 525 195 24 255 263 39 96 83 123 121 89 137
leaf_count=23 122 525 195 24 255 263 39 96 83 123 121 89 137
internal_value=0.000337988 -0.0889807 -0.0415329 0.194676 -0.000719105 -0.20079 -0.174508 0.325679 0.130671 0.212707 0.0291766 0.377264 -0.226425
internal_weight=2095 1437 1014 658 780 423 234 209 449 245 204 185 400
internal_count=2095 1437 1014 658 780 423 234 209 449 245 204 185 400
is_linear=0
shrinkage=0.05


Tree=7
num_leaves=16
num_cat=0
split_feature=73 45 72 12 74 30 95 57 22 15 35 75 31 76 74
split_gain=2564.89 3078.09 2442.06 2127.72 1958.4 1823.68 1818.98 1786.91 2459.58 1590.89 1389.18 1202.33 1154.07 856.535 604.098
threshold=5.5000000000000009 0.396362204104662 -80.095454545454444 -1.2416666666666663 0.014520202020201991 0.1941106540616602 12.369318181818183 -28.499999999999996 0.0065972954034805584 0.19999999999999987 0.055158730158730136 -0.011403938653938626 0.046165916770923056 -0.10863095238095237 -0.068981481481481435
decision_type=8 10 8 8 10 10 8 8 10 10 10 10 10 8 10
left_child=1 7 4 12 9 -5 11 14 -9 -2 -6 -3 -4 -8 -1
right_child=2 6 3 5 10 -7 13 8 -10 -11 -12 -13 -14 -15 -16
leaf_value=-0.10060289003528083 0.1203825189555819 0.20437787198103391 -0.28695647139663255 0.0068498837621950347 0.14417237048266365 0.19649367197297324 -0.14351000542250963 -0.072502302111594877 0.11543893783183939 0.46417231112718582 -0.25852287881302111 -0.26064193601409597 0.034977681537469232 -0.572142759170018 -0.49965355730056765
leaf_weight=21 69 21 78 682 56 151 21 506 259 72 28 25 40 46 20
leaf_count=21 69 21 78 682 56 151 21 506 259 72 28 25 40 46 20
internal_value=0.000420257 -0.0619543 0.0492619 0.0137714 0.195491 0.042254 -0.300559 -0.0267938 -0.00847116 0.306161 0.00239618 -0.0481458 -0.180434 -0.457785 -0.3295
internal_weight=2095 919 1176 951 225 833 113 806 765 141 84 46 118 67 41
internal_count=2095 919 1176 951 225 833 113 806 765 141 84 46 118 67 41
is_linear=0
shrinkage=0.05


Tree=8
num_leaves=12
num_cat=0
split_feature=45 99 41 39 78 1 62 33 4 80 23
split_gain=2226.94 1743.49 2181.28 2680.24 1889.22 2295.04 1595.51 1520.24 1414.97 1123.31 1000.12
threshold=0.39785118773579603 8.5000000000000018 0.15275410182463628 -0.097778047667816267 3.9999999999999969 3.2500000000000004 -0.17187296965765572 0.68333333333333346 -0.049180676881223913 -1.1999999930461245 -0.030764420827229823
decision_type=10 2 8 10 10 10 10 8 10 10 8
left_child=1 4 3 -3 5 -1 -2 -6 -8 -10 -4
right_child=6 2 10 -5 7 -7 8 -9 9 -11 -12
leaf_value=-0.0099953978671818849 0.19407683938741685 -0.020735922952493033 0.15360677997271222 0.50839205391131914 -0.010527586992760277 0.13476742198165412 0.092071037491162633 -0.20161365637577131 -0.42932564627844844 -0.14425571465305984 -0.23594918653771685
leaf_weight=915 25 37 25 60 262 385 31 169 59 95 32
leaf_count=915 25 37 25 60 262 385 31 169 59 95 32
internal_value=0.000289997 0.0176585 0.176117 0.314947 0.0030656 0.0331904 -0.152165 -0.0870221 -0.203094 -0.263852 -0.0656761
internal_weight=2095 1885 154 97 1731 1300 210 431 185 154 57
internal_count=2095 1885 154 97 1731 1300 210 431 185 154 57
is_linear=0
shrinkage=0.05


Tree=9
num_leaves=15
num_cat=0
split_feature=98 84 1 8 96 9 84 97 84 50 96 86 20 63
split_gain=5345.14 2518.3 2425.66 2450.56 2018.64 1860.23 2375.58 2161.49 1760.79 1474.29 1322.01 1328.41 1258.61 722.633
threshold=6.5000000000000009 -1.1716358386188657 -4.083333333333333 -0.030523726716637608 78.500000000000014 0.25394069403409963 2.8026842796061442 968.55000000000007 -1.3243017101541013 0.11963682272471489 59.500000000000007 0.1798504273924563 -0.10992795143586893 -0.017886148724291059
decision_type=8 8 10 10 8 10 10 10 10 8 8 8 8 10
left_child=1 8 10 4 -4 7 -7 -3 12 -5 11 -2 -1 -12
right_child=2 5 3 9 -6 6 -8 -9 -10 -11 13 -13 -14 -15
leaf_value=0.12223789586375158 -0.46807344058262451 0.024134916579015824 -0.0040134568457250242 -0.057649730765334674 0.28426795026835272 0.53276469812058569 -0.023883912599448002 0.20565251512148164 -0.39358524353273455 -0.30559384678317997 -0.17679773767064089 -0.14550901780074293 -0.072400757229167667 0.01252594627888806
leaf_weight=127 65 412 211 247 80 52 28 270 26 76 132 72 219 78
leaf_count=127 65 412 211 247 80 52 28 270 26 76 132 72 219 78
internal_value=0.000275559 0.0736739 -0.0862173 -0.0259046 0.0785333 0.125486 0.347405 0.0970432 -0.0325823 -0.119911 -0.190912 -0.309995 -9.22147e-05 -0.107589
internal_weight=2095 1134 961 614 291 762 80 682 372 323 347 137 346 210
internal_count=2095 1134 961 614 291 762 80 682 372 323 347 137 346 210
is_linear=0
shrinkage=0.05


Tree=10
num_leaves=15
num_cat=0
split_feature=94 94 10 31 98 78 45 37 30 78 64 96 41 29
split_gain=12926.9 2630.56 1940.91 1795.29 2414.47 1720.22 1813.51 1651.23 1495.75 1461.34 1223.93 1209.77 1113.34 1083.16
threshold=47.250000000000007 42.250000000000007 -0.034058980973687501 -0.057457319603221223 8.5000000000000018 1.3333333333333324 0.1869496610015631 -0.48124999900658921 0.19910576262045654 -4.166666666666667 -0.016666666666666771 63.500000000000007 0.21712839144553683 0.18016571708722043
decision_type=10 8 8 8 8 10 10 8 10 8 10 8 8 8
left_child=1 7 5 10 -5 6 -2 -1 9 -3 -4 -7 -10 -9
right_child=2 8 3 4 -6 11 -8 13 12 -11 -12 -13 -14 -15
leaf_value=0.1925097746508462 0.26646154000926975 0.041420569055410757 0.18381768354347774 0.36760227289608916 0.088983602113713908 -0.43400827407836912 -0.21520936019145528 -0.27433970146126646 0.21356647172132914 -0.10116437301538111 -0.14240591992833176 -0.0036164186051431697 -0.1086181565355032 -0.098701345298047138
leaf_weight=23 82 244 65 262 116 20 21 253 87 649 44 48 34 147
leaf_count=23 82 244 65 262 116 20 21 253 87 649 44 48 34 147
internal_value=0.000201552 -0.0837918 0.182958 0.233448 0.284509 0.0363343 0.162377 -0.187832 -0.0396327 -0.0621356 0.0512223 -0.151944 0.121921 -0.211931
internal_weight=2095 1437 658 487 378 171 103 423 1014 893 109 68 121 400
internal_count=2095 1437 658 487 378 171 103 423 1014 893 109 68 121 400
is_linear=0
shrinkage=0.05


Tree=11
num_leaves=16
num_cat=0
split_feature=94 94 14 74 74 30 81 78 0 90 21 79 20 77 26
split_gain=11745.5 2710.29 1775.67 1733.63 2367.92 1961.17 1657 1942.17 1635.54 1383.84 1367.64 1359.08 1472.94 1111.48 503.215
threshold=47.750000000000007 43.750000000000007 0.23076923076923064 -0.1157196969696969 -0.23577380952380947 0.19910576262045654 -0.68585319419701885 -0.99999999999999634 6.2500000000000009 -657.44999999999993 0.24580790475010875 5.4166666666666652 -0.5085431730840354 0.020486111111111125 -0.021149093906084684
decision_type=10 8 10 8 10 10 8 8 10 10 8 10 8 10 10
left_child=1 6 11 4 -3 -5 10 -8 9 -4 -1 12 -2 -10 -13
right_child=2 3 8 5 -6 -7 7 -9 13 -11 -12 14 -14 -15 -16
leaf_value=-0.296534695270467 0.45603977780084359 -0.040805908685594097 0.50908134723964493 -0.08808137896282564 0.28567868192493917 0.17043219704092261 0.047420928767233188 -0.17701735231232771 0.24380116721286493 0.19954578643779697 0.04971371168891589 0.030725071861826145 0.1148755419909129 -0.17816353357429138 -0.27948667773833641
leaf_weight=214 32 122 90 584 95 79 160 230 29 76 31 24 284 24 21
leaf_count=214 32 122 90 584 95 79 160 230 29 76 31 24 284 24 21
internal_value=0.000186272 -0.0730619 0.19059 -0.015964 0.105115 -0.0561581 -0.151369 -0.0853788 0.302225 0.377637 -0.252406 0.119527 0.156145 0.0529741 -0.126513
internal_weight=2095 1515 580 880 217 663 635 390 219 166 245 361 316 53 45
internal_count=2095 1515 580 880 217 663 635 390 219 166 245 361 316 53 45
is_linear=0
shrinkage=0.05


Tree=12
num_leaves=13
num_cat=0
split_feature=94 94 7 50 26 73 81 7 87 21 29 43
split_gain=10641.6 2540.7 1944.58 1912.36 1931.94 1639.99 2001.09 1795.75 1516.55 1293.55 1234.73 1117.82
threshold=47.750000000000007 39.250000000000007 0.066942028002813472 0.12158472682349385 0.10474207500616713 22.500000000000004 1.8826059425870578 -0.25040836678817863 -0.49922972863978948 0.15009157980481788 0.14828291884623471 -2.7913360406482037
decision_type=10 8 8 10 10 10 10 8 10 10 8 10
left_child=1 2 9 4 -3 6 7 -2 -5 -1 -4 -8
right_child=5 3 10 8 -6 -7 11 -9 -10 -11 -12 -13
leaf_value=-0.51307066070181984 0.46858187288045888 -0.028432048713332256 -0.27420414789364889 0.026715226410779842 0.3659279763698578 -0.15267451761497394 0.19258465775055811 0.11230345947219977 -0.22253411274788709 -0.042743990063667303 0.18649742910356235 0.51671247487621652
leaf_weight=65 35 1046 21 81 27 31 59 390 227 20 28 65
leaf_count=65 35 1046 21 81 27 31 59 390 227 20 28 65
internal_value=0.000305199 -0.0694153 -0.273442 -0.0486672 -0.0168111 0.181542 0.201712 0.146868 -0.157445 -0.411484 -0.0171276 0.37632
internal_weight=2095 1515 134 1381 1073 580 549 425 308 85 49 124
internal_count=2095 1515 134 1381 1073 580 549 425 308 85 49 124
is_linear=0
shrinkage=0.05


Tree=13
num_leaves=16
num_cat=0
split_feature=94 94 81 94 7 30 25 13 3 56 70 4 3 17 5
split_gain=9684.25 2181.48 2095.96 1829.64 1765.53 1677.64 1571.92 1538.67 1441.49 1950.89 1839.88 1187.35 1153.25 1137.33 955.279
threshold=47.250000000000007 39.250000000000007 -0.91180552343527477 51.250000000000007 0.066942028002813472 0.19910576262045654 -0.0098130292464773377 0.81111111111111123 -0.078447579095760958 0.1157034548620383 0.0034142049650351118 0.12461285265162589 0.065409326615432903 3.3666666666666694 0.043379271713395923
decision_type=10 8 8 10 8 10 10 10 8 10 10 10 10 10 10
left_child=1 4 11 8 14 -4 13 -8 10 -10 -2 -3 -6 -5 -1
right_child=3 2 5 6 12 -7 7 -9 9 -11 -12 -13 -14 -15 -16
leaf_value=-0.51048489972949029 0.033542823670683682 -0.17566860637105094 -0.033520958952541903 0.27160600337429325 -0.20561471353558936 0.17660202214222712 0.22848038660734893 -0.2150228168964386 0.10498613493555847 -0.18875022056336341 0.38841966573194964 0.071263952861572138 0.24171302604675293 0.67378537178039555 -0.13269224270113877
leaf_weight=55 69 364 783 64 29 103 95 20 235 69 76 53 20 30 30
leaf_count=55 69 364 783 64 29 103 95 20 235 69 76 53 20 30 30
internal_value=0.000365613 -0.072331 -0.0519724 0.158551 -0.260945 -0.0081835 0.279653 0.145187 0.0996108 0.0361785 0.226628 -0.143693 -0.016631 0.428013 -0.392481
internal_weight=2095 1437 1303 658 134 886 209 115 449 304 145 417 49 94 85
internal_count=2095 1437 1303 658 134 886 209 115 449 304 145 417 49 94 85
is_linear=0
shrinkage=0.05


Tree=14
num_leaves=14
num_cat=0
split_feature=98 84 76 50 80 9 84 97 66 74 76 85 10
split_gain=4314.27 2185.79 2151.03 1641.31 1717.4 1615.42 2064.88 1873.26 1613.29 1466.35 1419.14 1504.58 1280.83
threshold=6.5000000000000009 -1.1716358386188657 0.35816498316498319 0.11963682272471489 -0.27579367160797114 0.25394069403409963 2.8026842796061442 968.55000000000007 0.012736327524873471 -1.0000000180025095e-35 -0.33244047619047606 -0.52382163036803886 0.038641463414937245
decision_type=8 8 10 10 10 10 10 10 8 8 8 10 10
left_child=1 2 12 4 8 7 -7 -3 -2 -6 -5 -12 -1
right_child=3 5 -4 10 9 6 -8 -9 -10 -11 11 -13 -14
leaf_value=-0.052558495800164931 -0.22513622087859067 0.020314271721935315 -0.44631953753274067 0.12926553575129346 0.16638343345874282 0.49424489686886475 -0.02429478746471983 0.18926938604766674 -0.024714614200437891 -0.039698949424787564 -0.047053893880238611 -0.36643473092533119 0.16625580690654645
leaf_weight=264 178 412 24 24 129 52 28 270 227 238 58 107 84
leaf_count=264 178 412 24 24 129 52 28 270 227 238 58 107 84
internal_value=0.000435267 0.066379 -0.0325855 -0.0772687 -0.0441894 0.114655 0.321414 0.0881661 -0.114594 0.033867 -0.207507 -0.259148 0.00172389
internal_weight=2095 1134 372 961 772 762 80 682 405 367 189 165 348
internal_count=2095 1134 372 961 772 762 80 682 405 367 189 165 348
is_linear=0
shrinkage=0.05


Tree=15
num_leaves=13
num_cat=0
split_feature=94 73 94 42 14 88 96 81 30 24 94 11
split_gain=8681.59 2037.49 1943.51 1776.7 1721.86 2506.51 1720.25 1708.92 1629.35 1359.36 1512.73 1211.38
threshold=47.250000000000007 10.500000000000002 38.750000000000007 8.749999841054283 0.17424242424242434 -0.40076285984832788 71.500000000000014 -0.9964284996191658 0.1941106540616602 -0.36388888888888887 55.250000000000007 -0.035014744561316778
decision_type=10 8 10 10 8 8 8 10 10 10 10 8
left_child=1 2 6 8 9 -6 -1 -4 -3 -2 -11 -7
right_child=4 3 7 -5 5 11 -8 -9 -10 10 -12 -13
leaf_value=-0.46429715083829842 0.38362850469927634 -0.011022045317474964 -0.17248655003455257 -0.29848979278044269 0.6434007244951585 -0.11517542776736348 0.0047434711828827861 -0.024341675588499069 0.21161258313622253 0 0.38529110188995092 0.21282055263232064
leaf_weight=63 26 419 342 39 29 28 27 450 97 281 23 271
leaf_count=63 26 419 342 39 29 28 27 450 97 281 23 271
internal_value=0.000402732 -0.0684266 -0.115444 0.00656712 0.150176 0.230671 -0.330215 -0.0890568 0.032363 0.0677718 0.0348255 0.180552
internal_weight=2095 1437 882 555 658 328 90 792 516 330 304 299
internal_count=2095 1437 882 555 658 328 90 792 516 330 304 299
is_linear=0
shrinkage=0.05


Tree=16
num_leaves=16
num_cat=0
split_feature=94 94 57 98 53 53 85 32 25 12 66 18 53 79 73
split_gain=7921.09 2193.86 1968.59 1833.26 2038.56 1650.87 1423.11 1364.36 1346.58 1286.23 1545.96 1278.06 1258.5 1205.26 541.662
threshold=47.750000000000007 45.250000000000007 16.833333333333339 8.5000000000000018 -3.007461309432983 -2.8000826785961781 0.58784439119934195 -1.0000000180025095e-35 -0.0084887638222426159 -1.1916666666666662 0.0075470367446541795 1.0000000180025095e-35 0.37157262613376002 -0.29166666666666424 6.5000000000000009
decision_type=10 8 10 10 10 8 8 10 10 8 10 10 10 8 10
left_child=1 2 5 4 13 -1 12 -4 -6 10 -3 -11 -5 -2 -8
right_child=3 9 7 6 8 -7 14 -9 -10 11 -12 -13 -14 -15 -16
leaf_value=-0.24284430324670769 0.53161662848372204 -0.31255132148140358 0.28053265773490366 -0.038146889817957975 0.24095706285202298 -0.086629950975475378 -0.36613879410120159 -0.058789575120641126 0.015412619365034281 -0.023025160058346018 0.15400947564178044 0.13513347102278792 0.36565515426072209 0.23392951136481935 -0.051551824502455879
leaf_weight=243 52 52 46 44 111 571 21 67 157 297 22 217 28 133 34
leaf_count=243 52 52 46 44 111 571 21 67 157 297 22 217 28 133 34
internal_value=0.000470722 -0.0596783 -0.107403 0.156837 0.203455 -0.134523 -0.0104751 0.0849518 0.111714 0.0157485 -0.172243 0.0443083 0.131785 0.329655 -0.193002
internal_weight=2095 1515 927 580 453 814 127 113 268 588 74 514 72 185 55
internal_count=2095 1515 927 580 453 814 127 113 268 588 74 514 72 185 55
is_linear=0
shrinkage=0.05


Tree=17
num_leaves=15
num_cat=0
split_feature=94 94 57 89 90 14 33 73 42 81 50 60 51 40
split_gain=7178.67 1980.33 1786.36 1620.38 1595.32 1443.36 1860.97 1399.61 1341.73 1193.38 1120.79 1935.66 983.798 874.59
threshold=47.750000000000007 45.250000000000007 16.833333333333339 -0.14058546721935269 -113.99999999999999 0.86666666666666659 0.68333333333333346 22.500000000000004 -4.4522219022115062 1.9321759541829431 0.14508585414926836 0.015913856681436304 -0.10417600392053523 0.091026337351650013
decision_type=10 8 10 10 8 10 8 10 10 10 10 10 10 10
left_child=1 2 4 -4 -1 7 13 9 -8 -2 11 -3 -12 -7
right_child=5 10 3 -5 -6 6 8 -9 -10 -11 12 -13 -14 -15
leaf_value=-0.14719970560280651 0.08621278026030732 -0.037222993784558234 0.32214474356309936 -0.057573829336634165 0.11880290766036319 0.28856961243682439 -0.18744532040187292 -0.2083234080762574 0.29114731511762065 0.28579946228049019 0.11775523973328453 0.16335721711317699 -0.21752832655499624 0.74384008407592772
leaf_weight=757 349 283 39 74 57 40 23 28 26 94 26 202 77 20
leaf_count=757 349 283 39 74 57 40 23 28 26 94 26 202 77 20
internal_value=0.000538563 -0.0567214 -0.102065 0.0811528 -0.1279 0.149397 0.310603 0.109115 0.0690203 0.131392 0.0149373 0.04703 -0.130897 0.486641
internal_weight=2095 1515 927 113 814 580 109 471 49 443 588 485 103 60
internal_count=2095 1515 927 113 814 580 109 471 49 443 588 485 103 60
is_linear=0
shrinkage=0.05


Tree=18
num_leaves=15
num_cat=0
split_feature=98 1 68 84 98 86 52 21 84 81 39 96 98 54
split_gain=3595.02 2022.6 2269.98 1935.85 1709.84 1690.18 1487.54 3257.37 1473.33 1368.18 1149.25 1095.32 936.459 603.394
threshold=6.5000000000000009 -4.083333333333333 0.037067477901776648 -1.1716358386188657 17.500000000000004 0.12559657958336176 -0.54742687867687889 -0.10176133612791698 -1.3243017101541013 0.47361114993691461 -0.11391415668185799 52.500000000000007 8.5000000000000018 -1.0000000180025095e-35
decision_type=8 10 10 8 8 10 8 10 10 8 8 8 8 8
left_child=3 11 4 8 -3 -4 7 -5 10 -8 -1 13 -13 -2
right_child=1 2 5 6 -6 -7 9 -9 -10 -11 -12 12 -14 -15
leaf_value=0.14528317388612777 -0.14196947704927596 -0.0031857925644173434 -0.25384558031664178 -0.070815941123735335 0.23660650424198393 0.038969550749752668 0.0054683898707051891 0.5142321015967698 -0.36245118283456373 0.14824567635764363 -0.057141101777267 0.053037157549824514 -0.16269865114717624 -0.40825833032961145
leaf_weight=91 46 316 131 37 92 75 328 56 26 341 255 66 179 56
leaf_count=91 46 316 131 37 92 75 328 56 26 341 255 66 179 56
internal_value=0.000700009 -0.0702302 -0.0152298 0.0608976 0.0529738 -0.148604 0.106334 0.289223 -0.0322161 0.0788783 -0.00244872 -0.16581 -0.104484 -0.30088
internal_weight=2095 961 614 1134 408 206 762 93 372 669 346 347 245 102
internal_count=2095 961 614 1134 408 206 762 93 372 669 346 347 245 102
is_linear=0
shrinkage=0.05


Tree=19
num_leaves=16
num_cat=0
split_feature=94 94 21 45 11 47 47 13 13 57 22 5 95 79 94
split_gain=6420.47 2010.28 1818.06 1611.38 1639 1627.59 1415.03 1217 1127.67 1536.99 1146.27 979.385 872.608 1081 782.954
threshold=46.250000000000007 51.250000000000007 -0.020531788468360897 0.41720530856400734 -0.072561905210889635 -0.0045107574512561052 0.083539013314293711 -0.39955357142857145 1.0000000180025095e-35 -20.833333333333329 0.10611852941413723 0.026659057941287756 12.449494949494952 2.3333333333333326 44.250000000000007
decision_type=10 10 8 10 8 10 10 10 10 8 10 10 8 10 8
left_child=3 8 7 4 11 -6 -4 -3 9 -2 -10 -1 14 -14 -5
right_child=1 2 6 12 5 -7 -8 -9 10 -11 -12 -13 13 -15 -16
leaf_value=0.010590069464274815 0.27977782867171547 0.27551253877188031 0.46014311342163289 -0.21287972499162722 -0.1104626995818878 0.01769710682697364 0.070044791048918018 -0.089138690574929638 0.19425934217518792 -0.035213202770349596 -0.03740321027266013 0.42927827150733383 -0.45785268823567193 -0.039830024327550617 0.13901662285681124
leaf_weight=30 39 33 89 34 687 383 34 53 207 318 69 22 52 23 22
leaf_count=30 39 33 89 34 687 383 34 53 207 318 69 22 52 23 22
internal_value=0.000624707 0.107067 0.239881 -0.071005 -0.0509872 -0.0646732 0.35965 0.0576861 0.0616011 0.00244851 0.136531 0.210722 -0.23391 -0.340786 -0.0737518
internal_weight=2095 842 209 1253 1122 1070 123 86 633 357 276 52 131 75 56
internal_count=2095 842 209 1253 1122 1070 123 86 633 357 276 52 131 75 56
is_linear=0
shrinkage=0.05


Tree=20
num_leaves=13
num_cat=0
split_feature=94 94 98 94 1 37 73 30 67 61 79 35
split_gain=5890.26 1745.32 1542.5 1898.31 1579.36 1392.12 1306.61 1212.85 1177.17 1170.26 1142.08 1079.4
threshold=47.750000000000007 42.250000000000007 10.500000000000002 54.750000000000007 -6.4166666666666652 -0.48124999900658921 22.500000000000004 0.19910576262045654 -0.28453152005871135 -0.17797504070525363 -1.8333333333333319 0.06666666666666661
decision_type=10 8 10 10 10 8 10 10 8 8 8 10
left_child=1 5 3 6 -4 -1 -2 8 -3 -9 -6 -7
right_child=2 7 4 -5 10 11 -8 9 -10 -11 -12 -13
leaf_value=0.2094990434391158 0.15891173871871836 0.22857658829540017 -0.39759684395790101 0.50313584223389629 0.32287786459481277 -0.21766451666298423 -0.18630150258541109 -0.13649015677826745 -0.048596306078524942 0.19954102252506548 -0.086203675162284943 -0.042765838591198271
leaf_weight=23 436 35 20 35 22 263 25 30 924 103 42 137
leaf_count=23 436 35 20 35 22 263 25 30 924 103 42 137
internal_value=0.000701037 -0.0511648 0.135543 0.168895 -0.0592561 -0.136778 0.138285 -0.0174837 -0.0372955 0.121183 0.0669004 -0.159153
internal_weight=2095 1515 580 496 84 423 461 1092 959 133 64 400
internal_count=2095 1515 580 496 84 423 461 1092 959 133 64 400
is_linear=0
shrinkage=0.05


Tree=21
num_leaves=15
num_cat=0
split_feature=94 94 5 52 45 48 46 21 28 83 98 81 73 25
split_gain=5379.52 1984.16 1681.47 1772.99 1675.74 1709.36 1747.75 1635.87 1728.45 1359.36 1298.24 1200.61 935.404 734.696
threshold=46.250000000000007 51.250000000000007 -0.047611347809877413 -0.32277946920804051 0.41720530856400734 0.55255078194396845 0.11527281037221354 -0.020531788468360897 -0.051344373219373234 -10.601489265759783 10.500000000000002 0.86706355214118958 9.5000000000000018 0.0062178224946061811
decision_type=8 10 10 10 10 10 10 8 10 10 8 10 10 10
left_child=4 2 9 -4 5 6 -1 8 -3 -2 -9 -7 13 -6
right_child=1 7 3 -5 12 11 -8 10 -10 -11 -12 -13 -14 -15
leaf_value=-0.10707983894497049 0.048222751288928771 0.3942434086249425 0.25658360931405916 0.044040519202876299 -0.4048262183095368 0.0026989353990012951 0.057884167105967305 0.4043612919956725 -0.083521448027874756 -0.1624083288561772 -0.019022649161231059 0.42508495440085731 0.020211875644223443 -0.066007563638789901
leaf_weight=724 171 21 134 346 66 39 202 102 65 131 21 25 24 24
leaf_count=724 171 21 134 346 66 39 202 102 65 131 21 25 24 24
internal_value=0.000723951 0.0850893 0.0477421 0.105512 -0.0750033 -0.0533245 -0.0709229 0.220214 0.0478443 -0.0441379 0.333766 0.187265 -0.252695 -0.32323
internal_weight=2095 991 782 480 1104 990 926 209 86 302 123 64 114 90
internal_count=2095 991 782 480 1104 990 926 209 86 302 123 64 114 90
is_linear=0
shrinkage=0.05


end of trees

feature_importances:
opening_total_away=38
wind_speed_home=13
diff_rb_weighted_epa_roll3=10
diff_div_off_epa_std=8
ats_margin_avg3_home=7
diff_fourth_down_success_rate_std=7
diff_nondiv_def_epa_roll6=7
diff_opening_spread=7
diff_punt_return_avg_roll6=7
diff_def_penalties_drawn_std=6
diff_def_rz_pass_rate_roll3=6
diff_travel_miles=6
temperature_home=6
diff_adj_off_epa_std=5
diff_away_def_epa_roll6=5
diff_def_explosive_rush_rate_std=5
diff_fg_pct_roll6=5
diff_leading_def_epa_roll3=5
diff_nondiv_off_epa_roll6=5
diff_off_cpoe_roll6=5
diff_opp_fumble_recovery_rate_std=5
diff_pace_roll6=5
diff_away_off_epa_roll6=4
diff_def_explosive_rush_rate_roll3=4
diff_div_def_epa_roll6=4
diff_early_down_run_rate_roll3=4
diff_off_penalty_yards_drawn_roll3=4
diff_off_rz_epa_roll6=4
diff_pace_roll3=4
diff_skill_injury_impact_roll3=4
diff_def_injury_impact_std=3
diff_def_rz_epa_roll6=3
diff_def_rz_success_rate_roll6=3
diff_def_sack_rate_std=3
diff_def_success_rate_roll3=3
diff_fg_pct_long_roll3=3
diff_ko_return_avg_roll6=3
diff_off_drives_per_game_roll3=3
diff_own_fumble_recovery_rate_std=3
diff_skill_injury_impact_roll6=3
diff_adj_def_epa_roll3=2
diff_adj_def_epa_std=2
diff_away_off_epa_roll3=2
diff_def_injury_impact_roll3=2
diff_def_rz_pass_rate_roll6=2
diff_home_def_epa_std=2
diff_home_off_epa_roll3=2
diff_home_off_epa_roll6=2
diff_leading_def_epa_std=2
diff_leading_off_epa_std=2
diff_off_avg_drive_plays_std=2
diff_off_rush_epa_roll6=2
diff_off_rz_success_rate_std=2
diff_off_sack_rate_std=2
diff_off_success_rate_roll3=2
diff_punt_return_avg_roll3=2
diff_rb_weighted_epa_std=2
diff_trailing_def_epa_roll6=2
ref_penalties_per_game_away=2
travel_miles_away=2
ats_margin_avg3_away=1
diff_away_def_epa_roll3=1
diff_def_penalties_std=1
diff_def_penalty_yards_drawn_roll6=1
diff_def_penalty_yards_roll6=1
diff_def_rz_td_rate_roll3=1
diff_def_three_and_out_rate_roll6=1
diff_fg_att_roll3=1
diff_fourth_down_success_rate_roll3=1
diff_home_def_epa_roll3=1
diff_ko_return_avg_std=1
diff_leading_def_epa_roll6=1
diff_off_drives_per_game_roll6=1
diff_off_epa_per_play_roll6=1
diff_off_penalty_yards_drawn_roll6=1
diff_off_rz_pass_rate_std=1
diff_off_rz_td_rate_roll3=1
diff_off_sos_score_roll3=1
diff_off_third_down_rate_roll6=1
diff_off_top_seconds_std=1
diff_opp_fumble_recovery_rate_std_std=1
diff_own_fumble_recovery_rate_std_roll3=1
diff_qb_passing_epa_roll3=1
diff_trailing_off_epa_roll6=1
wins_home=1

parameters:
[boosting: gbdt]
[objective: regression]
[metric: l2]
[tree_learner: serial]
[device_type: cpu]
[data_sample_strategy: bagging]
[data: ]
[valid: ]
[num_iterations: 500]
[learning_rate: 0.05]
[num_leaves: 31]
[num_threads: 16]
[seed: 42]
[deterministic: 0]
[force_col_wise: 1]
[force_row_wise: 0]
[histogram_pool_size: -1]
[max_depth: 4]
[min_data_in_leaf: 20]
[min_sum_hessian_in_leaf: 0.001]
[bagging_fraction: 0.8]
[pos_bagging_fraction: 1]
[neg_bagging_fraction: 1]
[bagging_freq: 0]
[bagging_seed: 400]
[bagging_by_query: 0]
[feature_fraction: 0.7]
[feature_fraction_bynode: 1]
[feature_fraction_seed: 30056]
[extra_trees: 0]
[extra_seed: 12879]
[early_stopping_round: 0]
[early_stopping_min_delta: 0]
[first_metric_only: 0]
[max_delta_step: 0]
[lambda_l1: 1]
[lambda_l2: 5]
[linear_lambda: 0]
[min_gain_to_split: 0]
[drop_rate: 0.1]
[max_drop: 50]
[skip_drop: 0.5]
[xgboost_dart_mode: 0]
[uniform_drop: 0]
[drop_seed: 17869]
[top_rate: 0.2]
[other_rate: 0.1]
[min_data_per_group: 100]
[max_cat_threshold: 32]
[cat_l2: 10]
[cat_smooth: 10]
[max_cat_to_onehot: 4]
[top_k: 20]
[monotone_constraints: ]
[monotone_constraints_method: basic]
[monotone_penalty: 0]
[feature_contri: ]
[forcedsplits_filename: ]
[refit_decay_rate: 0.9]
[cegb_tradeoff: 1]
[cegb_penalty_split: 0]
[cegb_penalty_feature_lazy: ]
[cegb_penalty_feature_coupled: ]
[path_smooth: 0]
[interaction_constraints: ]
[verbosity: -1]
[saved_feature_importance_type: 0]
[use_quantized_grad: 0]
[num_grad_quant_bins: 4]
[quant_train_renew_leaf: 0]
[stochastic_rounding: 1]
[linear_tree: 0]
[max_bin: 255]
[max_bin_by_feature: ]
[min_data_in_bin: 3]
[bin_construct_sample_cnt: 200000]
[data_random_seed: 175]
[is_enable_sparse: 1]
[enable_bundle: 1]
[use_missing: 1]
[zero_as_missing: 0]
[feature_pre_filter: 1]
[pre_partition: 0]
[two_round: 0]
[header: 0]
[label_column: ]
[weight_column: ]
[group_column: ]
[ignore_column: ]
[categorical_feature: ]
[forcedbins_filename: ]
[precise_float_parser: 0]
[parser_config_file: ]
[objective_seed: 16083]
[num_class: 1]
[is_unbalance: 0]
[scale_pos_weight: 1]
[sigmoid: 1]
[boost_from_average: 1]
[reg_sqrt: 0]
[alpha: 0.9]
[fair_c: 1]
[poisson_max_delta_step: 0.7]
[tweedie_variance_power: 1.5]
[lambdarank_truncation_level: 30]
[lambdarank_norm: 1]
[label_gain: ]
[lambdarank_position_bias_regularization: 0]
[eval_at: ]
[multi_error_top_k: 1]
[auc_mu_weights: ]
[num_machines: 1]
[local_listen_port: 12400]
[time_out: 120]
[machine_list_filename: ]
[machines: ]
[gpu_platform_id: -1]
[gpu_device_id: -1]
[gpu_use_dp: 0]
[num_gpu: 1]

end of parameters

pandas_categorical:[]
