tree
version=v4
num_class=1
num_tree_per_iteration=1
label_index=0
max_feature_idx=99
objective=regression
feature_names=ats_margin_avg3_away ats_margin_avg3_home coaching_tenure_home diff_adj_def_epa_roll3 diff_adj_def_epa_std diff_adj_off_epa_std diff_away_def_epa_roll3 diff_away_def_epa_roll6 diff_away_off_epa_roll3 diff_away_off_epa_roll6 diff_def_explosive_rush_rate_roll3 diff_def_explosive_rush_rate_std diff_def_injury_impact_roll3 diff_def_injury_impact_std diff_def_penalties_drawn_std diff_def_penalties_std diff_def_penalty_yards_drawn_roll3 diff_def_penalty_yards_drawn_roll6 diff_def_penalty_yards_roll6 diff_def_rz_epa_roll3 diff_def_rz_epa_roll6 diff_def_rz_pass_rate_roll3 diff_def_rz_pass_rate_roll6 diff_def_rz_success_rate_roll6 diff_def_rz_td_rate_roll3 diff_def_sack_rate_std diff_def_success_rate_roll3 diff_def_third_down_rate_roll3 diff_def_three_and_out_rate_roll6 diff_div_def_epa_roll6 diff_div_off_epa_std diff_early_down_run_rate_roll3 diff_fg_att_roll3 diff_fg_pct_long_roll3 diff_fg_pct_mid_roll3 diff_fg_pct_roll6 diff_fourth_down_success_rate_roll3 diff_fourth_down_success_rate_std diff_home_def_epa_roll3 diff_home_def_epa_std diff_home_off_epa_roll3 diff_home_off_epa_roll6 diff_ko_return_avg_roll6 diff_ko_return_avg_std diff_ko_touchback_rate_roll3 diff_leading_def_epa_roll3 diff_leading_def_epa_roll6 diff_leading_def_epa_std diff_leading_off_epa_std diff_nondiv_def_epa_roll3 diff_nondiv_def_epa_roll6 diff_nondiv_off_epa_roll6 diff_off_avg_drive_plays_std diff_off_cpoe_roll6 diff_off_drives_per_game_roll3 diff_off_drives_per_game_roll6 diff_off_epa_per_play_roll6 diff_off_penalty_yards_drawn_roll3 diff_off_penalty_yards_drawn_roll6 diff_off_penalty_yards_std diff_off_rush_epa_roll6 diff_off_rz_epa_roll6 diff_off_rz_pass_rate_std diff_off_rz_success_rate_std diff_off_rz_td_rate_roll3 diff_off_rz_trips_roll6 diff_off_sack_rate_std diff_off_sos_score_roll3 diff_off_success_rate_roll3 diff_off_success_rate_roll6 diff_off_third_down_rate_roll6 diff_off_three_and_out_rate_roll6 diff_off_top_seconds_std diff_opening_spread diff_opp_fumble_recovery_rate_std diff_opp_fumble_recovery_rate_std_std diff_own_fumble_recovery_rate_std diff_own_fumble_recovery_rate_std_roll3 diff_pace_roll3 diff_pace_roll6 diff_punt_return_avg_roll3 diff_punt_return_avg_roll6 diff_qb_injury_impact_std diff_qb_passing_epa_roll3 diff_rb_weighted_epa_roll3 diff_rb_weighted_epa_std diff_skill_injury_impact_roll3 diff_skill_injury_impact_roll6 diff_trailing_def_epa_roll6 diff_trailing_off_epa_roll6 diff_travel_miles diff_tz_diff diff_win_pct div_game opening_total_away ref_penalties_per_game_away temperature_home travel_miles_away wind_speed_home wins_home
feature_infos=[-38:39] [-42:42] [1:17] [-0.71541596949100494:0.88652980327606201] [-0.71541596949100494:0.88652980327606201] [-0.89615999162197113:0.75189545750617981] [-0.74047915264964104:0.81195994466543198] [-0.76172319302956271:0.81195994466543198] [-0.95676788687705994:0.98236359283328056] [-0.73939523100852966:0.84628571569919586] [-0.2424242424242424:0.23763515067862895] [-0.2424242424242424:0.20042417815482502] [-4.1500000000000004:3.7666666666666666] [-4.1500000000000004:3] [-8:7] [-5:7] [-69:77] [-69:77] [-94:80] [-2.8487167047957578:2.7074642988542714] [-2.2391043901443481:2.4243320624033609] [-0.8333333283662796:0.90909093618392944] [-0.8333333283662796:0.90909093618392944] [-0.69230768084526062:0.8333333283662796] [-1:1] [-0.14705882966518402:0.1666666716337204] [-0.24968472123146057:0.30359803140163422] [-0.57142859697341919:0.56666663289070129] [-0.46153846153846156:0.40909090909090906] [-0.86481103301048279:0.78134894371032715] [-0.75205850601196289:1.0891301482915878] [-0.43678160919540232:0.37921435199505099] [-4:4] [-1:1] [-1:1] [-1:1] [-1:1] [-1:1] [-0.94794753938913345:0.88652980327606201] [-0.80247220396995544:0.88652980327606201] [-0.98565264667073882:1.1111797392368317] [-0.62429746985435486:1.1150727421045303] [-48.5:47.125] [-48.5:47.125] [-1:1] [-6.2839754968881607:8.9713747501373291] [-5.3859257698059082:5.3745922148227692] [-5.3859257698059082:5.3745922148227692] [-4.8015694357454777:5.439639899879694] [-0.73443540185689926:0.88652980327606201] [-0.65543012320995331:0.88652980327606201] [-0.66089094678560889:0.75189545750617981] [-3.583333333333333:4.5] [-30.688534736633301:38.514461517333984] [-8:7] [-8:7] [-0.89615999162197113:0.84700344502925873] [-77:94] [-77:94] [-75:50] [-0.67900723963975906:1.0113861858844757] [-3.2184919714927673:2.1583511233329773] [-0.71428570151329041:0.8333333283662796] [-0.73333331942558289:0.84615384042263031] [-1:1] [-6:5] [-0.16287340596318245:0.14610389992594719] [-0.73939523100852966:0.81203330308198929] [-0.38152013719081879:0.27322402596473694] [-0.38152013719081879:0.27322402596473694] [-0.44230771064758301:0.62727269530296326] [-0.4116161616161616:0.57575757575757569] [-984:879] [-33:43] [-1:1] [-1:1] [-1:1] [-1:1] [-34:32] [-34:32] [-26.999999523162842:45.416667938232422] [-26.999999523162842:45.416667938232422] [-1:1] [-39.962821960449219:40.751319885253906] [-8.528332817309348:10.559087289124728] [-7.6779916545954237:10.559087289124728] [-2.9489422087868058:2.8925925925374032] [-2.4974933153018357:2.3574074074074076] [-2.9358330816030502:2.9467598820726075] [-2.5981578990817069:2.2618493437767029] [-2719.8000000000002:1992.7000000000003] [-8:3] [-1:1] [0:1] [10.5:63.5] [4:26] [1:97] [0:5266.8000000000002] [0:71] [0:14]
tree_sizes=1368 1508 1519 1428 1428 1435 1431 1513 1438 1528 1513 1343 1523 1432 1526 1522 1427 1430 1274 1535 1519 1437 1517 1262 1265 1274 1532 1441 1534 1330 1354 1515 1267 1357 1278 1344 1187 1155 1260 1268 1265 1270 1436 1527 1367 1270 1350 1187 1097 1429 933 1171 1431 1080 752 1534 927 930 1090 770 1276 1439 758 761 1272 1278 932 843

Tree=0
num_leaves=15
num_cat=0
split_feature=73 73 73 68 59 13 20 72 88 90 75 67 77 88
split_gain=49490.6 9129.8 7775.18 2715.45 2604.64 2789.5 2572.48 2065.94 2024.8 1956.41 1921.85 1554.29 1198.11 1182.37
threshold=5.5000000000000009 -8.4999999999999982 16.500000000000004 0.042181059718132026 -14.58333333333333 -0.49285714285714294 0.28735823649913078 40.719230769230656 0.24813228013614816 -1879.3999999999999 -0.37638392857142849 -0.04656339262146502 -0.062251984126984176 -0.26800854000806179
decision_type=10 8 10 10 8 10 10 8 10 8 10 10 10 10
left_child=1 7 4 9 13 -6 8 10 -4 -3 -1 -5 -9 -2
right_child=2 3 6 11 5 -7 -8 12 -10 -11 -12 -13 -14 -15
leaf_value=1.468948963772877 1.7417332945081467 1.283860161950573 2.2943000745613693 1.5219980427673314 1.7562465588588829 1.9635707148195927 1.7693854425630593 1.3358419527889911 1.8089207945547128 1.5505116483142853 1.07104890002647 1.9089580385735874 1.7521926253769038 1.2725202873430277
leaf_weight=47 27 76 203 34 255 460 35 40 27 600 171 74 26 20
leaf_count=47 27 76 203 34 255 460 35 40 27 600 171 74 26 20
internal_value=1.70263 1.46486 1.94983 1.55466 1.86668 1.89059 2.18129 1.22398 2.24101 1.51761 1.14945 1.78409 1.4925 1.52087
internal_weight=2095 1068 1027 784 762 715 265 284 230 676 218 108 66 47
internal_count=2095 1068 1027 784 762 715 265 284 230 676 218 108 66 47
is_linear=0
shrinkage=1


Tree=1
num_leaves=16
num_cat=0
split_feature=73 73 73 24 0 6 66 60 32 97 6 50 88 51 40
split_gain=44778.9 8284.36 7052.24 2781.24 2328.63 2153.21 2000.79 1957.15 1925.66 1676.66 1308.2 1261.23 1259.82 848.877 739.899
threshold=5.5000000000000009 -8.4999999999999982 16.500000000000004 0.27222222222222231 -8.2083333333333304 0.04432888142764569 0.0012081294276175098 -0.004039389857401445 0.66666666666666674 1849.7500000000002 -0.21083565242588517 0.18834096786255641 0.24813228013614816 0.15259204025690756 -0.08793244324624537
decision_type=10 8 10 10 10 10 10 8 8 10 10 10 10 8 10
left_child=1 6 4 9 10 -5 14 13 -6 -3 -2 -8 -9 -4 -1
right_child=2 3 7 5 8 -7 11 12 -10 -11 -12 -13 -14 -15 -16
leaf_value=-0.30462956066314995 -0.11929660938749805 -0.14794616397543281 0.069824933162275352 0.24051231806858994 0.1411085656622541 -0.14643327028893713 -0.61519492024164302 0.5824675218442853 0.34127991172553457 -0.37699689162628996 0.16507772888128575 -0.28256960694204297 0.15293881029918277 0.44036883473396299 0.033358395576477053
leaf_weight=60 102 556 48 73 428 62 152 173 172 93 60 52 24 20 20
leaf_count=60 102 556 48 73 428 62 152 173 172 93 60 52 24 20 20
internal_value=-9.87324e-05 -0.226285 0.235025 -0.140741 0.15583 0.0635638 -0.455741 0.455461 0.20092 -0.183476 -0.0118843 -0.539436 0.535468 0.202191 -0.222552
internal_weight=2095 1068 1027 784 762 135 284 265 600 649 162 204 197 68 80
internal_count=2095 1068 1027 784 762 135 284 265 600 649 162 204 197 68 80
is_linear=0
shrinkage=0.05


Tree=2
num_leaves=16
num_cat=0
split_feature=73 73 73 52 68 97 80 66 0 66 92 67 70 23 37
split_gain=40564.6 7520.51 6419.05 2524.39 2426.55 2225.78 2029.38 2378.48 2123.59 1807.7 1726.88 1425.32 1251.5 1227.45 684.291
threshold=5.5000000000000009 -8.4999999999999982 12.500000000000002 0.27908480408480424 0.042181059718132026 1849.7500000000002 -1.2444445192813871 -0.018693637492883403 -6.208333333333333 0.0012081294276175098 0.26969696969696982 -0.04656339262146502 0.039617187033096947 0.14472448577483499 -0.028174605326993115
decision_type=10 8 10 10 10 10 8 10 10 10 2 10 10 10 8
left_child=1 9 6 10 5 -3 7 -2 -8 14 -4 -6 -11 -5 -1
right_child=2 4 3 13 11 -7 8 -9 -10 12 -12 -13 -14 -15 -16
leaf_value=-0.011262913223575144 0.219907601253578 -0.12985641856649224 0.11521749858598725 0.52075037852962425 -0.16842364072799684 -0.38868828371167186 -0.018632030212399314 -0.18741527758886881 0.23793066005075808 -0.55386190088810749 0.37171265373627349 0.20228688100093528 -0.10408039093017579 0.12377625213515374 -0.31434806707880592
leaf_weight=29 49 581 142 197 34 95 113 102 268 184 130 74 20 26 51
leaf_count=29 49 581 142 197 34 95 113 102 268 184 130 74 20 26 51
internal_value=-6.95241e-05 -0.21535 0.223716 0.352594 -0.133844 -0.168891 0.101542 -0.0521053 0.162452 -0.433973 0.242484 0.0828508 -0.51355 0.478415 -0.212193
internal_weight=2095 1068 1027 495 784 676 532 151 381 284 272 108 204 223 80
internal_count=2095 1068 1027 495 784 676 532 151 381 284 272 108 204 223 80
is_linear=0
shrinkage=0.05


Tree=3
num_leaves=15
num_cat=0
split_feature=73 73 73 59 13 97 55 85 6 60 70 31 5 10
split_gain=36731.9 6862.21 5917.26 2366.07 2384.9 2063.89 1831.64 1759.54 1771.77 1757.2 1653.43 1244.33 994.438 981.636
threshold=5.5000000000000009 -6.4999999999999991 16.500000000000004 -14.58333333333333 -0.49285714285714294 1849.7500000000002 0.60000000000000064 1.5441658762121124 -0.28681346168741578 -0.004039389857401445 0.059878757844368614 -0.034236841051576032 0.0030407002461808074 0.046583109530389785
decision_type=10 8 10 8 10 10 8 10 10 8 10 10 10 10
left_child=1 7 3 12 -5 10 -7 8 -1 11 -3 -4 -2 -11
right_child=2 5 9 4 -6 6 -8 -9 -10 13 -12 -13 -14 -15
leaf_value=-0.17514101897434492 -0.39150261334808811 -0.10669979930133122 0.38606067804826633 0.039220566203674451 0.23064658190133752 -0.09675380483269691 -0.52313925045040943 -0.039364467942437462 -0.46317672081844546 0.53203304097804593 0.11536687881338831 -0.022782731552918753 0.03824789256885134 0.14814270960873571
leaf_weight=77 23 476 31 255 460 55 47 38 278 173 97 37 24 24
leaf_count=77 23 476 31 255 460 55 47 38 278 173 97 37 24 24
internal_value=-7.73551e-05 -0.204937 0.212873 0.140346 0.163192 -0.106785 -0.308958 -0.369933 -0.40414 0.414775 -0.0683481 0.176593 -0.188517 0.490337
internal_weight=2095 1068 1027 762 715 675 102 393 355 265 573 68 47 197
internal_count=2095 1068 1027 762 715 675 102 393 355 265 573 68 47 197
is_linear=0
shrinkage=0.05


Tree=4
num_leaves=15
num_cat=0
split_feature=73 73 73 9 24 80 76 52 6 37 53 29 60 16
split_gain=33242.4 6292.25 5480.06 2560.02 2442.96 2427 2369.6 2193.77 1941.44 1412.54 1361.3 1990.66 1037.41 1014.65
threshold=5.5000000000000009 -8.4999999999999982 11.500000000000002 -0.1278540374478325 0.27222222222222231 -1.6666666766007741 0.19014550264550265 0.27908480408480424 0.057004859903827317 -0.083041954030106932 -1.6741788635651267 -0.10846356488764285 0.026654413319192837 8.1666666666666679
decision_type=10 8 10 8 10 8 8 10 10 8 8 8 10 10
left_child=1 10 5 -4 9 12 -7 -5 -6 -3 11 -1 -2 -12
right_child=2 4 3 7 8 6 -8 -9 -10 -11 13 -13 -14 -15
leaf_value=-0.065343573875725272 -0.27223079241180825 -0.25889382598457961 -0.077843504995215945 0.23393434241316166 0.2361596960527233 0.24708344990749495 -0.0097897383570671095 0.44911880770612661 -0.13188749394859331 -0.1032790254677924 -0.30397146624881172 -0.5447689190784597 0.025423879958078512 0.073823765158653257
leaf_weight=27 54 232 38 278 74 206 155 240 61 417 81 156 56 20
leaf_count=27 54 232 38 278 74 206 155 240 61 417 81 156 56 20
internal_value=-0.000112638 -0.194999 0.202469 0.308182 -0.120456 0.075646 0.138028 0.33707 0.0707289 -0.160538 -0.394965 -0.477919 -0.125746 -0.228735
internal_weight=2095 1068 1027 556 784 471 361 518 135 649 284 183 110 101
internal_count=2095 1068 1027 556 784 471 361 518 135 649 284 183 110 101
is_linear=0
shrinkage=0.05


Tree=5
num_leaves=15
num_cat=0
split_feature=73 73 73 9 80 99 73 37 92 72 94 69 22 41
split_gain=30295.6 6670.54 4368.59 2320.53 2098.07 2106.15 2056.55 1909.55 2227.83 1750.45 1616.31 1552.05 1544.1 1335.04
threshold=2.5000000000000004 11.500000000000002 -8.4999999999999982 -0.1278540374478325 -1.2444445192813871 3.5000000000000004 20.500000000000004 -0.083041954030106932 -0.086309523809523822 40.719230769230656 42.250000000000007 0.020590374867121373 -0.12107313921054204 -0.27038468042155722
decision_type=10 10 8 8 8 2 10 8 2 8 10 10 10 8
left_child=2 4 9 -3 11 -6 -5 10 -9 13 -4 -2 -11 -1
right_child=1 3 7 6 5 -7 -8 8 -10 12 -12 -13 -14 -15
leaf_value=-0.67861556248231381 -0.22385137659130674 -0.074403903650683029 -0.083112695219588806 0.25358833896346372 0.0067107717617083413 0.22454024929033461 0.48601434196634541 0.042019961452488569 -0.18533623533933152 -0.33221138446103959 -0.36741898157806308 0.067670874843417217 0.12534151182455175 -0.35598235483889634
leaf_weight=50 94 38 86 378 231 210 140 205 218 37 130 81 29 168
leaf_count=50 94 38 86 378 231 210 140 205 218 37 130 81 29 168
internal_value=-0.000169203 0.168237 -0.213815 0.293043 0.0540552 0.111906 0.320548 -0.139318 -0.0758313 -0.375952 -0.258891 -0.0905088 -0.135792 -0.443761
internal_weight=2095 1172 923 556 616 441 518 639 423 284 216 175 66 218
internal_count=2095 1172 923 556 616 441 518 639 423 284 216 175 66 218
is_linear=0
shrinkage=0.05


Tree=6
num_leaves=15
num_cat=0
split_feature=73 73 73 24 9 71 43 73 37 66 81 86 75 37
split_gain=27441.9 6033.78 3972.3 2351.36 2103.96 1974.77 2314.17 1867.5 1647.46 1544.52 1437.49 1276.52 1083.75 644.4
threshold=2.5000000000000004 11.500000000000002 -8.4999999999999982 0.28452380952380968 -0.1278540374478325 0.044926184926184963 -5.680681744488802 20.500000000000004 -0.12499999813735484 0.0012081294276175098 1.0000000180025095e-35 -0.46048079305409612 0.023717090889709972 -0.028174605326993115
decision_type=10 10 8 10 8 10 8 10 8 10 10 10 8 8
left_child=2 5 9 8 -3 6 -2 -6 -4 13 -7 -11 -5 -1
right_child=1 4 3 12 7 10 -8 -9 -10 11 -12 -13 -14 -15
leaf_value=0.027859229901257682 0.40068002379146117 -0.071116290033556698 -0.30581593769519816 0.24895609476987055 0.24107445315518672 -0.24229455129021693 0.061105818346050791 0.46255157713617745 -0.11379484210972333 -0.13930148695196426 0.047489903313160109 -0.48954429674547079 -0.05915044905109839 -0.25670295771477475
leaf_weight=29 53 38 164 46 378 79 400 140 368 37 84 167 61 51
leaf_count=29 53 38 164 46 378 79 400 140 368 37 84 167 61 51
internal_value=-0.000291105 0.159987 -0.203627 -0.132586 0.278687 0.0513867 0.104885 0.304879 -0.175379 -0.358237 -0.0956913 -0.431111 0.078061 -0.15739
internal_weight=2095 1172 923 639 556 616 453 518 532 284 163 204 107 80
internal_count=2095 1172 923 639 556 616 453 518 532 284 163 204 107 80
is_linear=0
shrinkage=0.05


Tree=7
num_leaves=16
num_cat=0
split_feature=73 73 73 52 25 24 80 6 43 84 72 75 37 22 9
split_gain=24837.5 5453.73 3606.9 2166.87 2252.57 2133.06 1846.07 1725.99 1708.31 1633.6 1567.76 1669.23 1492.75 1422.3 1222.38
threshold=2.5000000000000004 11.500000000000002 -8.4999999999999982 0.27908480408480424 -0.00031382960104752578 0.28452380952380968 -1.2222222288449602 0.04432888142764569 0.05242636439564486 0.82571454029689406 40.719230769230656 -0.37638392857142849 -0.12499999813735484 -0.12107313921054204 -0.006782425567507743
decision_type=10 10 8 10 8 10 8 10 8 10 8 10 8 10 8
left_child=2 6 10 4 -3 12 9 -7 -8 -2 11 -1 -4 -12 -5
right_child=1 3 5 14 -6 7 8 -9 -10 -11 13 -13 -14 -15 -16
leaf_value=-0.1231460151477502 -0.19957636438133519 -0.035177045540573701 -0.29097753046356012 0.072539472438999122 0.2576079482911155 0.25308380735016639 0.22920792723217837 -0.13255554397844457 0.025986228428700343 0.10204564631992095 -0.3043331010710626 -0.47661795387658379 -0.10818137342944223 0.13380911210004021 0.41837123884853727
leaf_weight=47 111 91 164 32 219 57 164 50 272 69 37 171 368 29 214
leaf_count=47 111 91 164 32 219 57 164 50 272 69 37 171 368 29 214
internal_value=-0.000298932 0.152183 -0.193747 0.265035 0.172309 -0.12605 0.0489289 0.0745593 0.104273 -0.0840512 -0.341076 -0.405105 -0.16681 -0.115246 0.375925
internal_weight=2095 1172 923 556 310 639 616 107 436 180 284 218 532 66 246
internal_count=2095 1172 923 556 310 639 616 107 436 180 284 218 532 66 246
is_linear=0
shrinkage=0.05


Tree=8
num_leaves=15
num_cat=0
split_feature=69 71 51 20 32 20 45 11 59 97 59 6 30 37
split_gain=12444.9 3870.95 2654.02 2578.98 2189.47 2430.22 2178.63 2104.58 1923.62 2542.06 1697.66 1692.14 1553.53 1314.56
threshold=0.020590374867121373 0.058606902356902406 0.13130240949491664 0.35820659995079046 1.2500000000000002 -0.13568330264339842 -0.11685145452308157 0.0082259961129542026 -15.899038461538462 1341.5500000000002 8.309523809523812 -0.27347916799286992 -0.2376685421913862 -0.25000000248352683
decision_type=10 10 10 10 10 10 10 10 10 10 10 10 8 10
left_child=1 4 8 10 5 -1 -5 11 -2 -10 -4 -3 -9 -6
right_child=2 7 3 6 13 -7 -8 12 9 -11 -12 -13 -14 -15
leaf_value=0.029696118535285105 -0.33324210091873452 0.066062249371441464 0.37967880388827829 0.28851322428353371 -0.11311749497858377 -0.14093732628462927 -0.27308018184625188 -0.58331316995377447 0.027120868043296716 0.33229178232343304 0.0093052194612782187 -0.19532930021523498 -0.23751586980924203 0.31652546932866032
leaf_weight=429 22 88 241 26 21 398 34 44 270 87 36 187 149 63
leaf_count=429 22 88 241 26 21 398 34 44 270 87 36 187 149 63
internal_value=-0.000303975 -0.0880753 0.168111 0.269375 -0.0275949 -0.0527159 -0.0254803 -0.204163 0.075603 0.105191 0.332739 -0.111819 -0.329342 0.208232
internal_weight=2095 1379 716 337 911 827 60 468 379 357 277 275 193 84
internal_count=2095 1379 716 337 911 827 60 468 379 357 277 275 193 84
is_linear=0
shrinkage=0.05


Tree=9
num_leaves=16
num_cat=0
split_feature=69 66 50 56 7 53 87 59 50 86 74 78 64 7 32
split_gain=11260.4 4431.89 2425.6 2519.1 2316.71 2506.28 2260.41 2017.87 1861.96 3117.13 1944.41 1814.86 1693.82 1545.6 1367.48
threshold=0.020590374867121373 0.0013897144195870461 0.082768753694836064 0.078602332156151547 0.093601086448567614 -3.5451098526517546 -0.019374999962747139 -8.9999999999999964 0.03025924844356875 0.50540909080041785 1.0000000180025095e-35 -5.9999999999999956 0.27777777777777773 0.013161429514487585 0.58333333333333337
decision_type=10 10 8 10 10 10 10 10 8 10 8 10 10 10 8
left_child=1 8 3 13 5 -3 -5 14 9 -1 -10 -6 -9 -2 -4
right_child=2 4 7 6 11 -7 -8 12 10 -11 -12 -13 -14 -15 -16
leaf_value=0.19724423436250557 0.14871114688666212 -0.24656136271854245 -0.3864675626903773 0.43769260977479552 -0.095045689614237969 -0.018243157262124887 0.16125587044627804 0.028154089635593356 -0.24756544837011743 -0.19404668051805071 0.002188212424516678 -0.41874219606971314 0.34095900128200907 -0.22087111044675112 0.098198355942964555
leaf_weight=212 92 199 35 160 69 296 152 168 99 62 309 133 54 35 20
leaf_count=212 92 199 35 160 69 296 152 168 99 62 309 133 54 35 20
internal_value=-0.000337269 -0.0838283 0.159861 0.23238 -0.172022 -0.111679 0.307844 0.042672 0.00682848 0.106634 -0.0605562 -0.313381 0.110296 0.0419707 -0.215896
internal_weight=2095 1379 716 439 697 495 312 277 682 274 408 202 222 127 55
internal_count=2095 1379 716 439 697 495 312 277 682 274 408 202 222 127 55
is_linear=0
shrinkage=0.05


Tree=10
num_leaves=16
num_cat=0
split_feature=92 56 85 71 49 29 6 85 66 77 4 6 55 67 6
split_gain=10485.5 4203.31 3782.75 2756.03 2629.45 2066.75 2041.52 2019.45 2265.46 1519.41 1037.94 1005.22 894.687 861.479 721.596
threshold=0.053030303030303018 0.018979311610261604 1.3439182777600855 0.045906177156177168 -0.22549564542714504 -0.1825381939609845 -0.30933943390846247 -1.4463169711665398 -0.012146649468276234 0.013723544973545028 0.093974515640487297 0.27125991322100168 0.33333333333333309 0.061326241120696068 -0.074293367564678178
decision_type=2 8 10 10 8 8 10 8 8 8 10 8 10 10 10
left_child=2 5 3 4 -1 14 -5 13 -9 12 -11 -7 -4 -3 -2
right_child=1 7 9 6 -6 11 -8 8 -10 10 -12 -13 -14 -15 -16
leaf_value=0.33038498304784297 0.060699028922961307 0.11215776841466625 0.13423533133630242 -0.013326765920804895 -0.087624338272924929 -0.18711579361005681 -0.2880699383024618 0.34538500063872046 0.1349850991455038 -0.10427419808269903 0.17580386012933166 0.14546975900552103 0.50493793816402044 -0.28693396530912391 0.40319198906421666
leaf_weight=35 47 22 51 87 651 138 313 258 272 83 48 23 24 23 20
leaf_count=35 47 22 51 87 651 138 313 258 272 83 48 23 24 23 20
internal_value=-0.000368398 0.140994 -0.0884708 -0.125709 -0.0639887 -0.0399067 -0.229339 0.212537 0.23977 0.105933 0.000672611 -0.136352 0.27763 -0.0991178 0.18453
internal_weight=2095 803 1292 1086 686 228 400 575 530 206 131 161 75 45 67
internal_count=2095 803 1292 1086 686 228 400 575 530 206 131 161 75 45 67
is_linear=0
shrinkage=0.05


Tree=11
num_leaves=14
num_cat=0
split_feature=73 73 73 17 32 63 37 44 49 48 32 72 84
split_gain=19374.1 3910.15 3218.38 1985.03 1867.34 1836.44 1582.08 1411.98 1384.57 1382.26 1073.91 991.707 863.287
threshold=5.5000000000000009 -6.4999999999999991 20.500000000000004 8.0000000000000036 1.2500000000000002 0.077401722160478456 -0.20396825720866515 0.016865079365079364 0.21525918397431573 -0.6977451667189597 -0.66666666666666674 46.133928571428562 -1.1931029747240032
decision_type=10 8 10 8 10 10 10 8 8 8 8 10 8
left_child=1 9 4 8 5 -2 -6 -5 -3 -1 -4 -11 -12
right_child=2 3 10 7 6 -7 -8 -9 -10 11 12 -13 -14
leaf_value=-0.60287045675795525 0.042332023692682019 -0.060810153254053811 0.10786765884608029 -0.36024884727071316 -0.037245285566206335 0.21080323382124191 0.43502158059179785 -0.092253779487477414 0.14781178109126517 -0.27803665890876794 0.11892338624367348 -0.052924966411804088 0.51287665668354243
leaf_weight=27 567 369 35 80 22 224 70 130 96 304 21 62 88
leaf_count=27 567 369 35 80 22 224 70 130 96 304 21 62 88
internal_value=-0.000179751 -0.148966 0.15447 -0.0749109 0.117296 0.091128 0.325474 -0.200583 -0.0165192 -0.273495 0.370498 -0.241265 0.445961
internal_weight=2095 1068 1027 675 883 791 92 210 465 393 144 366 109
internal_count=2095 1068 1027 675 883 791 92 210 465 393 144 366 109
is_linear=0
shrinkage=0.05


Tree=12
num_leaves=16
num_cat=0
split_feature=73 73 73 17 85 72 13 13 97 36 87 49 72 88 64
split_gain=17576.3 3895.76 2652.68 1954.27 1858.47 1657.78 1682.54 1593.47 1755.23 1574.68 1516.06 1504.75 1416.68 1232.9 966.617
threshold=2.5000000000000004 12.500000000000002 -7.4999999999999991 8.0000000000000036 -0.1503685996652333 40.719230769230656 -0.60871212121212115 -0.33819444444444446 630.90000000000009 -0.33333333084980638 0.026973371078570677 0.083356944785919054 5.2619047619048169 0.24210401945553414 -0.016666666666666771
decision_type=10 10 8 8 10 8 10 8 10 10 10 10 10 10 8
left_child=2 7 5 4 -4 6 -1 8 -2 -9 -5 13 -13 -3 -7
right_child=1 11 3 10 -6 14 -8 9 -10 -11 -12 12 -14 -15 -16
leaf_value=-0.025095300837641672 -0.24453974657927652 0.30416829201048373 -0.13555244281242937 -0.1414420555332597 0.0727239652723074 0.18374643496893073 -0.39553257839969486 -0.00040644312943887274 0.04811321342139746 0.18255869313410816 -0.47361741852760314 -0.20579036953193799 0.17557690581191837 -0.028378507056657006 -0.1785999128097763
leaf_weight=37 78 360 226 137 195 22 207 213 130 256 45 30 76 29 54
leaf_count=37 78 360 226 137 195 22 207 213 130 256 45 30 76 29 54
internal_value=-0.00015871 0.128108 -0.162895 -0.0996439 -0.0392437 -0.278564 -0.341192 0.0494248 -0.0645611 0.10023 -0.234308 0.234051 0.0627844 0.279204 -0.0682252
internal_weight=2095 1172 923 603 421 320 244 677 208 469 182 495 106 389 76
internal_count=2095 1172 923 603 421 320 244 677 208 469 182 495 106 389 76
is_linear=0
shrinkage=0.05


Tree=13
num_leaves=15
num_cat=0
split_feature=73 73 73 32 17 4 37 78 66 48 86 83 49 30
split_gain=15989.4 3213.65 2786.89 1680.82 1658.22 1444.11 1431.44 1393.06 1314.42 1584.76 1277.57 1124.63 1252.53 802.303
threshold=5.5000000000000009 -6.4999999999999991 20.500000000000004 1.2500000000000002 8.0000000000000036 0.034813428038199042 -0.20396825720866515 5.4166666666666687 -0.025534252584394478 -0.67889296563807866 0.10953583501811541 13.464794034759207 0.020023615720371406 0.15953309958179793
decision_type=10 8 10 10 8 10 10 10 8 8 10 10 10 10
left_child=1 8 3 7 5 -3 -5 -2 -1 -10 -6 12 -4 -13
right_child=2 4 11 6 10 -7 -8 -9 9 -11 -12 13 -14 -15
leaf_value=0.026810678007990814 0.11606631798072811 -0.077858336312839616 0.52095020671924919 -0.040795565589710522 -0.10809899893174152 0.10576311337527322 0.40731237248579666 -0.042462675013682914 -0.62691287521738559 -0.24001651588972805 -0.39593270084372278 -0.10737651046738028 0.074489061837946929 0.28361770678311587
leaf_weight=38 616 307 78 22 161 158 70 175 27 328 49 20 22 24
leaf_count=38 616 307 78 22 161 158 70 175 27 328 49 20 22 24
internal_value=-0.000256973 -0.135425 0.140234 0.105665 -0.0682753 -0.0148988 0.303061 0.0808843 -0.248326 -0.27788 -0.183139 0.341212 0.431429 0.112051
internal_weight=2095 1068 1027 883 675 465 92 791 393 355 210 144 100 44
internal_count=2095 1068 1027 883 675 465 92 791 393 355 210 144 100 44
is_linear=0
shrinkage=0.05


Tree=14
num_leaves=16
num_cat=0
split_feature=51 66 81 99 67 48 84 71 29 44 40 85 40 22 17
split_gain=7286.02 3749.08 2412.97 2180.36 2105.05 1949.79 1590.77 1539.61 1538.93 1515.01 1417.32 1257.28 804.94 705.482 528.064
threshold=0.083258059527724998 0.0013897144195870461 -0.94055558840433717 5.5000000000000009 -0.10159135221814113 -0.6977451667189597 0.82571454029689406 0.030562030562030554 0.0359269566833973 -0.1555555555555555 0.42238087393343454 -0.98952977642924844 0.12186018959619106 0.017709836363792423 2.3333333333333335
decision_type=10 10 10 2 8 8 10 10 10 10 8 10 10 10 10
left_child=1 3 7 6 -5 14 -1 9 -7 -2 11 -4 -9 -12 -3
right_child=2 5 10 4 -6 8 -8 12 -10 -11 13 -13 -14 -15 -16
leaf_value=-0.072532797320949915 -0.15986732330250863 -0.19140692172305926 0.00048509988378971189 -0.26301250612294236 0.2145976690688397 -0.055319860273321135 0.12950018626011786 -0.42572844293382439 -0.21245747847504137 0.17597620895687949 -0.19429387434803208 0.29394736125121435 -0.003720057010650635 0.12956418765708805 -0.57964221700545282
leaf_weight=480 43 23 42 22 178 407 117 22 254 109 24 293 20 35 26
leaf_count=480 43 23 42 22 178 407 117 22 254 109 24 293 20 35 26
internal_value=-0.000256559 -0.0585357 0.148258 0.0158861 0.156683 -0.141674 -0.0321086 0.00326627 -0.116919 0.0785838 0.218589 0.25785 -0.24761 -0.00628054 -0.432932
internal_weight=2095 1507 588 797 200 710 597 194 661 152 394 335 42 59 49
internal_count=2095 1507 588 797 200 710 597 194 661 152 394 335 42 59 49
is_linear=0
shrinkage=0.05


Tree=15
num_leaves=16
num_cat=0
split_feature=73 73 66 96 36 52 25 43 62 62 62 74 13 82 51
split_gain=13884 3157.42 2211.94 2323.37 1818.46 1593.55 1716.95 1530.07 1744.78 1373.43 2075.43 1352.71 1253.97 1184.12 667.135
threshold=2.5000000000000004 11.500000000000002 0.0013897144195870461 72.500000000000014 -0.16666666915019354 0.26987685154351798 -0.00031382960104752578 -3.0119047846112923 -0.099584035720262268 0.17212906051427132 0.09774705320596698 0.16666666666666674 -0.34999999999999998 -0.15192307692307691 -0.09879835334140806
decision_type=10 10 8 8 10 8 10 8 10 10 8 10 8 8 8
left_child=2 7 9 11 -5 6 -3 8 -2 10 -1 -4 -9 -7 -11
right_child=1 5 3 4 -6 13 -8 12 -10 14 -12 -13 -14 -15 -16
leaf_value=-0.057316729050558228 -0.090541745466180157 -0.065569282162080841 -0.21052859700237861 -0.1572542443483447 0.19547696193143474 0.4921883880064406 0.19743577324841893 -0.13214885630351428 0.2743806526262676 -0.04942210078239441 0.29300757557726825 -0.44468396169746793 0.043907366150078619 0.22351261724281235 -0.44773664430335719
leaf_weight=221 43 91 391 91 54 53 176 141 108 20 47 77 324 236 22
leaf_count=221 43 91 391 91 54 53 176 141 108 20 47 77 324 236 22
internal_value=-0.000391816 0.113607 -0.145031 -0.199752 -0.0234218 0.199474 0.108056 0.0350415 0.170571 -0.0352115 0.0081788 -0.253453 -0.010209 0.280488 -0.284563
internal_weight=2095 1172 923 613 145 556 267 616 151 310 268 468 465 289 42
internal_count=2095 1172 923 613 145 556 267 616 151 310 268 468 465 289 42
is_linear=0
shrinkage=0.05


Tree=16
num_leaves=15
num_cat=0
split_feature=73 73 70 59 99 76 73 78 52 41 17 76 82 25
split_gain=12576 2862.08 2077.43 2165.84 1644.88 1832.44 1622.14 1503.75 1446.87 1936.62 1238.44 1184.9 1085.58 885.155
threshold=2.5000000000000004 11.500000000000002 0.059878757844368614 -8.2911255411255436 3.5000000000000004 0.19014550264550265 -8.4999999999999982 -6.5833333333333313 0.26987685154351798 0.26264523373295873 8.0000000000000036 -0.027564102564102574 -0.15192307692307691 0.033649447642153871
decision_type=10 10 10 10 2 10 8 10 8 8 10 8 8 10
left_child=2 4 6 -4 13 -6 7 -1 9 -3 -8 -5 -10 -2
right_child=1 8 3 11 5 -7 10 -9 12 -11 -12 -13 -14 -15
leaf_value=-0.11754289170106252 -0.0803723759834062 0.030768318606909657 -0.28176439586612911 0.35670759632535609 0.1695857885107398 -0.14301675967872143 -0.078114597392665241 -0.37035044355210495 0.46970047235553125 0.35375673365313559 -0.26991821101335722 0.0052009694810424539 0.21256884502177417 0.16393559369756733
leaf_weight=106 270 212 31 41 255 53 441 151 53 55 102 51 236 38
leaf_count=106 270 212 31 41 255 53 441 151 53 55 102 51 236 38
internal_value=-0.000365712 0.108129 -0.138024 0.051221 0.0333239 0.114209 -0.16732 -0.270504 0.189882 0.102765 -0.116369 0.172678 0.267081 -0.0479335
internal_weight=2095 1172 923 123 616 308 800 257 556 267 543 92 289 308
internal_count=2095 1172 923 123 616 308 800 257 556 267 543 92 289 308
is_linear=0
shrinkage=0.05


Tree=17
num_leaves=15
num_cat=0
split_feature=73 73 73 97 55 59 39 67 63 5 51 39 88 49
split_gain=11464.9 2451.81 2144.2 1724.45 1506.01 1457.47 1366.17 1362.28 1244.16 1199.96 1548.45 1416.57 1057.3 1205.14
threshold=5.5000000000000009 -6.4999999999999991 20.500000000000004 1849.7500000000002 0.8416666666666669 -14.58333333333333 -0.22770116107227897 -0.10706818332740416 0.077401722160478456 -0.091537056316743887 -0.27521745377841089 0.28683405276387935 0.066326655074954041 0.025187650695443157
decision_type=10 8 10 10 8 8 8 10 10 8 10 10 10 10
left_child=1 9 5 6 -5 7 -3 -2 -7 10 -1 -11 13 -4
right_child=2 3 12 4 -6 8 -8 -9 -10 11 -12 -13 -14 -15
leaf_value=-0.26394784311322789 0.10340696861346564 -0.28922486112199047 0.4373883478113057 -0.070265788246284835 -0.45747666196978615 0.066398856773529746 0.00053958910504867477 -0.36870532925381805 0.20428280308053059 -0.28961745305114411 0.16742557797418989 0.05217287037018184 0.0027321392970700419 0.04286808405191668
leaf_weight=33 25 39 92 61 41 605 534 28 225 287 41 32 26 26
leaf_count=33 25 39 92 61 41 605 534 28 225 287 41 32 26 26
internal_value=-0.000294909 -0.114756 0.118666 -0.0561272 -0.240481 0.0883708 -0.0214274 -0.155432 0.104836 -0.213358 -0.028841 -0.254901 0.294901 0.356143
internal_weight=2095 1068 1027 675 102 883 573 53 830 393 74 319 144 118
internal_count=2095 1068 1027 675 102 883 573 53 830 393 74 319 144 118
is_linear=0
shrinkage=0.05


Tree=18
num_leaves=13
num_cat=0
split_feature=69 71 51 84 11 75 26 84 71 16 26 97
split_gain=5746.89 2864.9 1870.76 1863.77 1830.52 1929.85 1724.27 1697.43 1532.93 1253.4 1222.15 1127.3
threshold=0.032073008517424263 0.058606902356902406 0.1618623939963679 -3.0143977485904401 0.010500780151661603 -0.35966424448567297 0.053945874174435922 -2.6675250789154128 0.022358891108891114 13.41666666666667 0.02713727454344431 1705.1000000000001
decision_type=10 10 10 10 10 10 10 8 10 10 10 10
left_child=1 2 7 -2 9 -6 8 -1 -5 -3 -4 -8
right_child=3 4 10 6 5 -7 11 -9 -10 -11 -12 -13
leaf_value=0.13774683861394546 -0.28543127454244177 -0.018669514080937036 0.38364341216427938 0.2450153573335887 -0.010952304817479233 -0.36656169977406383 -0.045176782198510804 -0.050523852570274641 -0.037361845020520486 -0.27334784095893139 -0.020897159965106233 0.29668506517492493
leaf_weight=135 21 239 44 343 53 137 138 822 54 56 29 24
leaf_count=135 21 239 44 343 53 137 138 822 54 56 29 24
internal_value=-0.000354214 -0.0516297 -0.00421318 0.132792 -0.151156 -0.270446 0.150983 -0.0233354 0.206495 -0.0709319 0.231257 0.0125364
internal_weight=2095 1515 1030 580 485 190 559 957 397 295 73 162
internal_count=2095 1515 1030 580 485 190 559 957 397 295 73 162
is_linear=0
shrinkage=0.05


Tree=19
num_leaves=16
num_cat=0
split_feature=71 30 22 99 11 23 29 76 32 68 25 78 74 67 68
split_gain=4817.65 2694.8 2067.44 2135.14 1934.48 1649.64 1953.01 1585.17 1568.7 1466.39 1435.64 1606.15 1331.49 1101.97 982.714
threshold=0.058606902356902406 0.039253802224993715 -0.17440451979637145 1.5000000000000002 0.0082259961129542026 0.0043116547167301187 0.18323736016949022 0.28392255892255897 -0.66666666666666674 -0.029563789566357936 0.0081962117304404617 -8.1666666666666625 -0.13796296296296293 -0.23215586470420627 0.042181059718132026
decision_type=10 10 10 2 10 8 10 8 10 10 10 10 8 10 10
left_child=1 5 14 -4 7 9 -7 8 -2 -1 11 -6 -12 -9 -3
right_child=4 2 3 -5 10 6 -8 13 -10 -11 12 -13 -14 -15 -16
leaf_value=-0.054126222837819829 -0.16914825731267533 -0.33952761494526357 -0.18897396251559259 0.18600165701740567 -0.036161471550401884 -0.024361356612600721 -0.2990188904912085 -0.0064123603137763779 0.10192151839387487 0.14701118388123088 -0.36304456044373845 -0.44553235103514527 0.041271229720275318 -0.38480096489191057 0.071900288122040898
leaf_weight=139 73 28 37 493 33 531 69 32 164 243 24 96 65 45 23
leaf_count=139 73 28 37 493 33 531 69 32 164 243 24 96 65 45 23
internal_value=-0.000346721 0.0438968 0.128755 0.158209 -0.129624 -0.00665703 -0.0582398 -0.0485772 0.0164511 0.0739395 -0.242431 -0.34644 -0.0807373 -0.238138 -0.163236
internal_weight=2095 1563 581 530 532 982 600 314 237 382 218 129 89 77 51
internal_count=2095 1563 581 530 532 982 600 314 237 382 218 129 89 77 51
is_linear=0
shrinkage=0.05


Tree=20
num_leaves=16
num_cat=0
split_feature=73 73 73 32 39 36 63 71 84 29 62 28 83 4 30
split_gain=9500.17 2034.54 1779.03 1477.08 1439.72 2171.76 1406.01 1396.97 1366.86 1066.22 1775.98 1168.69 1062.22 1169.25 668.506
threshold=5.5000000000000009 -6.4999999999999991 20.500000000000004 1.2500000000000002 0.051312551556509885 0.11111111193895341 0.077401722160478456 -0.085230972730972701 -2.9549948540178419 0.030575517409791548 0.002591544254259615 0.035075757575757573 13.464794034759207 0.012276033504999112 0.15953309958179793
decision_type=10 8 10 10 10 8 10 10 8 8 10 10 10 10 10
left_child=1 9 3 6 8 -6 -2 -5 -3 11 -11 -1 13 -4 -14
right_child=2 4 12 7 5 -7 -8 -9 -10 10 -12 -13 14 -15 -16
leaf_value=-0.18723384165144585 0.014605632528131081 0.10397369239260168 0.47711425471133079 -0.069373392137802317 -0.079706746091445291 0.22031309581361713 0.1616711734814415 0.36817068191369379 -0.14103802197900328 -0.11049279161202519 -0.36971588645334524 0.12032231433460346 -0.14008877258002758 0.10513035287944282 0.21359902060237426
leaf_weight=72 567 63 64 22 139 99 224 70 374 133 141 47 20 36 24
leaf_count=72 567 63 64 22 139 99 224 70 374 133 141 47 20 36 24
internal_value=-0.000545218 -0.104739 0.107742 0.0801428 -0.0513212 0.046851 0.0570692 0.264842 -0.104826 -0.194565 -0.248303 -0.0654052 0.268278 0.355059 0.0539215
internal_weight=2095 1068 1027 883 675 238 791 92 437 393 274 119 144 100 44
internal_count=2095 1068 1027 883 675 238 791 92 437 393 274 119 144 100 44
is_linear=0
shrinkage=0.05


Tree=21
num_leaves=15
num_cat=0
split_feature=73 73 66 96 39 90 80 85 18 9 49 84 74 14
split_gain=8661.93 2083.02 1697.16 1957.58 1828.75 1800.9 1593.9 1421.66 1388.44 1312.95 1310.51 1244.39 1241.77 1111.63
threshold=2.5000000000000004 11.500000000000002 0.0013897144195870461 72.500000000000014 0.044655424014975638 -809.99999999999989 -1.0805554886658983 1.1207300432901086 4.1833333333333345 -0.1278540374478325 0.083356944785919054 0.82571454029689406 0.16666666666666674 -1.0069444444444442
decision_type=10 10 8 8 10 8 8 10 8 8 10 10 10 10
left_child=2 6 4 12 13 -5 11 -6 -8 -3 -11 -2 -4 -1
right_child=1 9 3 5 7 -7 8 -9 -10 10 -12 -13 -14 -15
leaf_value=-0.38316656742777144 -0.19448107794365463 -0.11197210397831231 -0.17146234000101687 -0.15843052365595389 0.019251727542871515 0.18363101373256094 0.16447978138931887 0.37783139944076538 -0.013805914564040778 0.22347582544086886 0.033178329931572083 0.064907610294251863 -0.39344413903564579 -0.062735838741064073
leaf_weight=30 114 38 391 79 113 66 221 32 209 398 120 72 77 135
leaf_count=30 114 38 391 79 113 66 221 32 209 398 120 72 77 135
internal_value=-0.000432571 0.0896057 -0.114681 -0.162592 -0.018706 -0.00146908 0.0258013 0.108676 0.078547 0.159346 0.180226 -0.0947401 -0.211864 -0.130846
internal_weight=2095 1172 923 613 310 145 616 145 430 556 518 186 468 165
internal_count=2095 1172 923 613 310 145 616 145 430 556 518 186 468 165
is_linear=0
shrinkage=0.05


Tree=22
num_leaves=16
num_cat=0
split_feature=73 73 94 57 78 48 1 13 8 99 62 40 89 95 11
split_gain=7833.23 1890.78 1599.14 2011.85 2174.43 1414.07 1321.63 1310 2549.3 1492.46 1194.01 1104.89 3588.65 1161.36 438.575
threshold=2.5000000000000004 12.500000000000002 42.250000000000007 -8.1666666666666661 -1.8333333333333319 -0.60035558976232994 -10.249999999999998 -0.80749999999999977 0.025643266737461094 3.5000000000000004 0.030853290438324552 -0.12061231466941534 -0.23937194934114811 18.166666666666668 0.0066325071967278737
decision_type=10 10 10 10 10 8 8 8 10 2 8 10 10 8 10
left_child=2 7 3 10 -5 14 -7 8 -2 -9 -1 13 -13 -3 -4
right_child=1 11 5 4 -6 6 -8 9 -10 -11 -12 12 -14 -15 -16
leaf_value=-0.34912089992653245 0.06650928856828546 0.36258478331045041 -0.17336085037543225 0.26211771740690692 -0.065722139932053253 -0.34764671286102389 -0.10285119929513525 -0.021426417828960855 -0.38887371809459204 0.14117649507657817 -0.035963684368830226 -0.28920259706828061 0.17058563904831148 -0.0033779381541535259 -0.53976465934707274
leaf_weight=50 74 98 21 86 110 59 499 270 46 287 72 44 326 27 26
leaf_count=50 74 98 21 86 110 59 499 270 46 287 72 44 326 27 26
internal_value=-0.000461269 0.0851606 -0.109108 -0.0177281 0.0808192 -0.156519 -0.131681 0.0303562 -0.116227 0.0627781 -0.173393 0.158962 0.112648 0.286063 -0.409425
internal_weight=2095 1172 923 318 196 605 558 677 120 557 122 495 370 125 47
internal_count=2095 1172 923 318 196 605 558 677 120 557 122 495 370 125 47
is_linear=0
shrinkage=0.05


Tree=23
num_leaves=13
num_cat=0
split_feature=69 90 72 92 19 5 21 12 21 17 68 84
split_gain=3972.3 2375.68 2259.08 2139.67 2019.58 1709.73 1605.25 1568.7 1500.22 1120.95 1077.96 818.633
threshold=-0.018487965067227687 -2235.6499999999992 6.2769230769231408 0.23076923076923078 -0.696492093304793 -0.087037991732358919 0.16958939532438916 2.3750000000000004 -0.12364117304484044 9.9166666666666679 0.092726158599058792 -0.67526874159036765
decision_type=8 10 10 2 8 10 10 10 8 10 10 10
left_child=1 -1 5 4 9 -3 -4 -6 10 -2 -5 -10
right_child=3 2 6 8 7 -7 -8 -9 11 -11 -12 -13
leaf_value=-0.47032186508178714 0.35050776562697833 0.028543816153437665 0.10527634337755308 -0.19203483636911012 -0.022201907369501547 -0.19533655250461543 -0.22082873471081257 0.37935890007019046 0.062855970521563109 -0.063339838624000541 0.20971287977695466 0.24447210091409152
leaf_weight=35 58 112 207 46 886 333 41 20 92 20 20 225
leaf_count=35 58 112 207 46 886 333 41 20 92 20 20 225
internal_value=-0.000600627 -0.0945928 -0.0723118 0.0495811 0.0102635 -0.139187 0.0478674 -0.0112491 0.149033 0.246367 -0.0633937 0.193713
internal_weight=2095 728 693 1367 984 445 248 906 383 78 66 317
internal_count=2095 728 693 1367 984 445 248 906 383 78 66 317
is_linear=0
shrinkage=0.05


Tree=24
num_leaves=13
num_cat=0
split_feature=69 71 32 19 11 16 45 78 79 32 15 96
split_gain=3665.53 2085.98 1701.07 1944.33 1501.54 1743.75 1274.93 1164.95 1111.98 1093.32 1186.41 1171.65
threshold=0.042422664662202215 0.058606902356902406 1.2500000000000002 -0.81489276513457287 0.0019782663062017651 13.41666666666667 0.55250288359820854 -8.1666666666666625 -2.3333333333333317 -1.083333333333333 -1.0801282051282051 70.500000000000014
decision_type=10 10 10 8 10 10 10 10 10 8 10 10
left_child=1 2 3 -1 5 -3 9 -6 -4 11 -11 -2
right_child=6 4 8 -5 7 -7 -8 -9 -10 10 -12 -13
leaf_value=0.26710780559639846 0.14026771615713071 0.028664074067113011 -0.021639803820289672 -0.03596299271323871 -0.0091425511335569715 -0.29662277125844766 -0.18713864819146694 -0.2664031783577267 0.29165692738233467 0.39070264963167056 0.13511421169171076 -0.26496883612690553
leaf_weight=51 34 210 43 957 58 46 27 188 73 51 329 28
leaf_count=51 34 210 43 957 58 46 27 188 73 51 329 28
internal_value=-0.000542421 -0.036134 0.00179111 -0.019337 -0.120329 -0.034157 0.121826 -0.207338 0.179013 0.142693 0.174175 -0.0481124
internal_weight=2095 1626 1124 1008 502 256 469 246 116 442 380 62
internal_count=2095 1626 1124 1008 502 256 469 246 116 442 380 62
is_linear=0
shrinkage=0.05


Tree=25
num_leaves=13
num_cat=0
split_feature=69 50 90 72 71 12 43 85 37 86 58 85
split_gain=3385.11 2635.14 2164.58 2002.44 1704.91 1642.91 1575.02 1391.57 1374.38 1229.4 2042.49 1669.61
threshold=-0.018487965067227687 0.025473030943733956 -2235.6499999999992 6.2769230769231408 0.043802956302956352 -0.82499999999999973 -8.5381613042619477 -0.62538327163037144 0.083333340287208582 -0.012534410014955475 -4.9999999999999973 1.5832580849723779
decision_type=8 8 10 10 10 10 8 8 10 10 10 10
left_child=2 9 -1 5 7 -4 -5 -3 -6 10 -2 -11
right_child=1 4 3 6 8 -7 -8 -9 -10 11 -12 -13
leaf_value=-0.44584410317242151 0.017190586071122779 -0.15152219666454655 0.067980673495383767 0.42387309634685516 -0.040925655911366147 -0.17459824100816851 0.0054396790160513749 0.047299938720253697 -0.38845742654800419 -0.017472716472247182 0.29185710533484061 0.25641138203240732
leaf_weight=35 105 99 83 20 70 362 228 567 45 221 191 69
leaf_count=35 105 99 83 20 70 362 228 567 45 221 191 69
internal_value=-0.000494867 0.0458276 -0.0872643 -0.0660186 -0.0143067 -0.128989 0.047092 0.0167619 -0.187852 0.1255 0.196495 0.0507648
internal_weight=2095 1367 728 693 781 445 248 666 115 586 296 290
internal_count=2095 1367 728 693 781 445 248 666 115 586 296 290
is_linear=0
shrinkage=0.05


Tree=26
num_leaves=16
num_cat=0
split_feature=73 70 6 91 57 64 50 25 2 84 77 45 25 10 21
split_gain=6258.14 1491.35 1504.64 1540.09 1508.54 1334.78 1375.16 1475.46 1196.2 1464.14 1176.09 1136.85 1128.01 1053.34 826.98
threshold=5.5000000000000009 0.039617187033096947 -0.15753900469280777 -1.0000000180025095e-35 -12.499999999999996 -0.19444444444444442 0.067446992965415134 0.00029382990702749723 14.500000000000002 0.82571454029689406 -0.020472582972582889 -0.031166301419337582 0.018850862979888919 0.044001831501831512 -0.016370111455519972
decision_type=10 10 8 2 8 8 8 10 2 8 8 10 10 10 8
left_child=1 2 3 -1 -4 6 7 -2 9 -7 -8 14 -10 -13 -3
right_child=5 11 4 -5 -6 8 10 -9 12 -11 -12 13 -14 -15 -16
leaf_value=-0.38944650429945726 0.067973046094455106 -0.0057898596514169651 -0.21828315640512691 -0.065263070181851665 -0.042378397827821851 -0.039452569597643566 -0.27160153663158421 0.42271132932177613 0.26867563444946974 0.10217791844217726 0.16993933551405604 0.0027427657933558449 -0.10401205050724525 -0.38346676253355466 0.22878450659414132
leaf_weight=86 49 74 154 66 543 344 20 79 102 378 33 54 22 21 70
leaf_count=86 49 74 154 66 543 344 20 79 102 378 33 54 22 21 70
internal_value=-0.000480691 -0.0850518 -0.114934 -0.255562 -0.0825931 0.0874042 0.209118 0.29495 0.0602293 0.0348215 -0.00486799 0.0305497 0.200697 -0.121979 0.111755
internal_weight=2095 1068 849 152 697 1027 181 128 846 722 53 219 124 75 144
internal_count=2095 1068 849 152 697 1027 181 128 846 722 53 219 124 75 144
is_linear=0
shrinkage=0.05


Tree=27
num_leaves=15
num_cat=0
split_feature=73 73 24 0 19 41 81 6 73 97 41 10 39 37
split_gain=5672.97 1449.18 1455.57 1433.9 1866 1505.76 1416.01 1312.72 1201.65 1141.37 1039.87 1236.49 863.873 719.889
threshold=5.5000000000000009 -8.4999999999999982 0.27222222222222231 -8.2083333333333304 0.33447793871164327 -0.089807684998959289 -0.66011904428402568 0.04432888142764569 17.500000000000004 2339.6500000000001 -0.27038468042155722 -0.0057332434886835431 -0.091929807513952244 -0.025126262844511967
decision_type=10 8 10 10 10 8 8 10 10 10 8 10 8 10
left_child=1 10 9 5 6 -2 -5 -4 -7 -3 11 -1 -12 -6
right_child=3 2 7 4 13 8 -8 -9 -10 -11 12 -13 -14 -15
leaf_value=-0.037533694734940164 -0.39569006800651552 -0.060812969222156843 0.23847498574700113 0.045794270635950707 -0.12812680333204893 -0.053886396522657615 0.20604817348399332 -0.065103688991781497 0.22363826302954784 -0.36890632874565199 0.12846805635359018 -0.52168039163438296 -0.15871562589484367 0.06817189323960951
leaf_weight=21 20 622 73 210 87 151 422 62 47 27 26 36 201 90
leaf_count=21 20 622 73 210 87 151 422 62 47 27 26 36 201 90
internal_value=-0.000488405 -0.0810096 -0.045305 0.0831857 0.113719 -0.0299074 0.153655 0.101351 0.0156301 -0.0764293 -0.176912 -0.361529 -0.123547 -0.0289084
internal_weight=2095 1068 784 1027 809 218 632 135 198 649 284 57 227 177
internal_count=2095 1068 784 1027 809 218 632 135 198 649 284 57 227 177
is_linear=0
shrinkage=0.05


Tree=28
num_leaves=16
num_cat=0
split_feature=73 87 71 59 5 73 80 76 14 73 47 86 49 84 94
split_gain=5156.31 1435.74 2138.61 1708.66 1637.53 1389.07 1346.24 1382.03 1317.7 1389.18 1152.59 1102.87 1548.86 1034.27 958.525
threshold=2.5000000000000004 -0.1688984033995353 0.037478956228956244 -8.8047619047619037 -0.080444496597808127 11.500000000000002 -1.0805554886658983 0.21666666666666673 0.66515151515151494 -4.4999999999999991 -1.2780859712511299 1.0000000180025095e-35 -0.030939053045585748 0.82571454029689406 48.250000000000007
decision_type=10 8 10 10 10 10 8 10 10 8 10 10 10 10 10
left_child=1 2 3 -1 -4 6 13 -8 9 -3 -10 12 -7 -2 -13
right_child=5 8 4 -5 -6 11 7 -9 10 -11 -12 14 -14 -15 -16
leaf_value=-0.23022632187810441 -0.18474332852105166 -0.15745767652688009 0.12311329374259168 0.19458464798800248 -0.2443206531425508 0.26935936120406884 0.10000274688777465 -0.15876269375284513 0.056121194649201178 0.013680157002348169 -0.33281575276151948 0.092933723376591115 0.038917276996080996 0.051966552949183946 -0.14865612108260393
leaf_weight=24 114 305 39 135 99 200 375 55 21 190 110 192 117 72 47
leaf_count=24 114 305 39 135 99 200 375 55 21 190 110 192 117 72 47
internal_value=-0.000571111 -0.0887241 0.00173154 0.125093 -0.139457 0.0688927 0.0168152 0.0653455 -0.131393 -0.0921885 -0.270328 0.125837 0.186387 -0.0938902 0.0431468
internal_weight=2095 923 297 159 138 1172 616 430 626 495 131 556 317 186 239
internal_count=2095 923 297 159 138 1172 616 430 626 495 131 556 317 186 239
is_linear=0
shrinkage=0.05


Tree=29
num_leaves=14
num_cat=0
split_feature=73 66 97 97 7 73 27 25 55 68 49 34 12
split_gain=4664.02 1366.2 1750.62 1470.29 1323.35 1307.31 1472.48 1293.63 1263 1147.63 765.489 671.947 483.33
threshold=2.5000000000000004 -0.025534252584394478 1849.7500000000002 1578.3500000000001 -0.017549745738506314 20.500000000000004 -0.2334656106928984 0.04098931178450585 0.8416666666666669 0.060817589362462378 -0.014181183030207952 0.29166666666666674 0.89166666666666705
decision_type=10 8 10 8 8 10 8 10 8 10 8 8 10
left_child=1 4 3 -3 -1 6 -2 -8 -4 10 -7 -11 -6
right_child=5 2 8 -5 12 9 7 -9 -10 11 -12 -13 -14
leaf_value=0.32584263595777591 -0.26080894015337291 -0.096725035107035187 -0.1240930781929524 0.15358748346567155 -0.11432130114506867 0.46590076411763831 0.040513475310933383 0.26263811238319945 -0.45163687267822444 -0.051756052500926533 0.08355239442101231 0.2282725452571302 0.14834116303920747
leaf_weight=32 33 632 72 60 54 43 929 66 53 47 22 32 20
leaf_count=32 33 632 72 60 54 43 929 66 53 47 22 32 20
internal_value=-0.000600449 -0.0844408 -0.106363 -0.0740038 0.081259 0.0654631 0.0450882 0.0565369 -0.275385 0.204187 0.352416 0.0679139 -0.0378029
internal_weight=2095 923 817 692 106 1172 1028 995 125 144 65 79 74
internal_count=2095 923 817 692 106 1172 1028 995 125 144 65 79 74
is_linear=0
shrinkage=0.05


Tree=30
num_leaves=14
num_cat=0
split_feature=73 59 70 59 19 0 67 73 92 29 14 47 50
split_gain=4262.04 1465.46 1248.82 1182.37 1172.71 1443.97 1162.44 1100.58 1300.05 1070.47 958.131 906.122 616.54
threshold=5.5000000000000009 -14.58333333333333 0.039617187033096947 -8.6333333333333311 0.76498122792691003 -8.0833333333333304 -0.10706818332740416 -8.4999999999999982 0.10000000000000002 -1.0000000180025095e-35 0.80151515151515185 0.073144935345044362 0.035982540467133138
decision_type=10 8 10 10 10 10 10 8 2 8 10 8 10
left_child=2 6 7 11 5 -3 -2 9 -9 -1 -5 -4 -6
right_child=1 4 3 10 12 -7 -8 8 -10 -11 -12 -13 -14
leaf_value=0.010117141952959159 0.074300303061803186 -0.015376701750704703 0.063891346335411076 0.15603765252819088 0.030945434932026172 0.13405247383792715 -0.33823572403114094 -0.032121938180244433 -0.25519428457816445 -0.23911163925787615 -0.11551686456037123 -0.35533153076966606 -0.29752146478356989
leaf_weight=54 28 207 20 136 26 709 33 531 70 194 38 25 24
leaf_count=54 28 207 20 136 26 709 33 531 70 194 38 25 24
internal_value=-0.000494319 0.0720288 -0.0702906 0.0353635 0.0872655 0.10033 -0.156834 -0.0976502 -0.0600774 -0.185519 0.0948831 -0.180253 -0.138524
internal_weight=2095 1027 1068 219 966 916 61 849 601 248 174 45 50
internal_count=2095 1027 1068 219 966 916 61 849 601 248 174 45 50
is_linear=0
shrinkage=0.05


Tree=31
num_leaves=16
num_cat=0
split_feature=73 73 87 71 60 89 11 50 81 96 40 89 0 0 22
split_gain=3886.61 1407.07 1399.53 1905.09 1513.21 1396.82 1394.79 1184.66 1129.89 1137.22 1109.21 2198.48 1104.68 879.233 519.646
threshold=2.5000000000000004 11.500000000000002 -0.1688984033995353 0.037478956228956244 -0.13261173778058338 0.39135423004627234 -0.042920675660489675 0.18529703223612162 -4.2979761973023409 66.500000000000014 -0.34565804898738856 -0.27343464052925498 -8.0833333333333304 1.9166666666666667 -0.023121398190657279
decision_type=8 10 8 10 10 8 8 10 8 8 10 10 10 10 10
left_child=2 8 3 5 -5 -1 14 -8 13 -10 12 -12 -3 -2 -4
right_child=1 10 6 4 -6 -7 7 -9 9 -11 11 -13 -14 -15 -16
leaf_value=0.21044169905137991 -0.39412412703037264 0.056841584894320243 0.28215348261594769 0.094247621044199523 -0.26855087942228867 -0.18236279220416629 -0.19344310974498302 0.020761039634235205 0.10031342780089797 -0.027381217410910152 -0.20351493020282418 0.11881103068726125 0.40557580235703239 0.025670942664146424 -0.032946241448322935
leaf_weight=109 25 41 20 42 73 24 406 75 283 437 56 406 53 20 25
leaf_count=109 25 41 20 42 73 24 406 75 283 437 56 406 53 20 25
internal_value=-0.000611158 0.0514411 -0.0892738 0.00843677 -0.137228 0.135158 -0.135082 -0.16007 0.00721535 0.0230866 0.111595 0.0778735 0.264526 -0.222639 0.120309
internal_weight=2095 1321 774 248 115 133 526 481 765 720 556 462 94 45 45
internal_count=2095 1321 774 248 115 133 526 481 765 720 556 462 94 45 45
is_linear=0
shrinkage=0.05


Tree=32
num_leaves=13
num_cat=0
split_feature=69 48 7 13 18 32 47 30 68 35 11 6
split_gain=2176.45 1595.24 1433.72 1843.48 1660.45 1132.25 1126.38 1073.35 1501.81 1172.48 870.638 274.808
threshold=0.042422664662202215 -0.6977451667189597 -0.28635896772417857 -0.1947222222222221 -18.083333333333329 -1.083333333333333 -0.1630311324926359 -0.093461565518130854 0.076985994974772168 -0.19722222222222222 0.0033987285628317159 0.043350541498512037
decision_type=10 8 8 10 8 8 10 10 10 8 10 10
left_child=1 10 3 -3 -4 6 -2 9 -9 -7 -1 -8
right_child=5 2 4 -5 -6 7 11 8 -10 -11 -12 -13
leaf_value=-0.061819199559300445 0.14608424700075581 0.42969672556966548 -0.21103895945115048 -0.049787575197081241 -0.012300459444766872 -0.31716884654760363 -0.081598697900772107 0.28052623891868655 0.057191940085797366 0.072868798441431001 -0.40374506863188886 -0.36238683301210406
leaf_weight=38 26 35 109 38 1369 20 20 151 153 79 37 20
leaf_count=38 26 35 109 38 1369 20 20 151 153 79 37 20
internal_value=-0.000575541 -0.028006 -0.0166853 0.192269 -0.0276529 0.0937113 -0.0925497 0.125098 0.17103 -0.0169062 -0.245819 -0.24777
internal_weight=2095 1626 1551 73 1478 469 66 403 304 99 75 40
internal_count=2095 1626 1551 73 1478 469 66 403 304 99 75 40
is_linear=0
shrinkage=0.05


Tree=33
num_leaves=14
num_cat=0
split_feature=73 5 69 86 73 80 69 49 40 89 97 6 79
split_gain=3405.27 1245.26 2004.13 1346.61 1239.48 1352.24 1731.49 1436.28 1246.29 2670.63 1101.4 969.278 644.177
threshold=2.5000000000000004 -0.079925629589706643 -0.10661397874355315 0.0046164773404598026 13.500000000000002 -0.95297614733378111 0.018220356355110798 0.015541626140475275 -0.12061231466941534 -0.23418618105351921 1794.6500000000003 -0.16640094295144078 2.8333333333333397
decision_type=8 8 8 8 10 8 10 8 10 10 10 8 10
left_child=1 10 -3 -4 5 6 -2 -7 12 -10 11 -1 -6
right_child=4 2 3 -5 8 7 -8 -9 9 -11 -12 -13 -14
leaf_value=-0.17308543674198207 -0.18032171654750606 -0.48545918566840041 -0.0032065533705055715 -0.15705749432866772 0.16912624624424749 0.13995016447181324 0.070825342461466795 -0.012201208754234208 -0.31819326601922515 0.11820284831418196 -0.26233918414666108 0.15057564663593886 0.45703828966978827
leaf_weight=24 161 30 245 337 79 273 113 348 35 284 21 117 28
leaf_count=24 161 30 245 337 79 273 113 348 35 284 21 117 28
internal_value=-0.000610274 -0.0836026 -0.116056 -0.0929562 0.0481108 0.0144146 -0.0771542 0.0551903 0.1178 0.0659966 0.0385026 0.091101 0.261954
internal_weight=2095 774 612 582 1321 895 274 621 426 319 162 141 107
internal_count=2095 774 612 582 1321 895 274 621 426 319 162 141 107
is_linear=0
shrinkage=0.05


Tree=34
num_leaves=13
num_cat=0
split_feature=71 12 11 18 87 59 13 54 41 78 76 88
split_gain=2027.49 1432.35 1305.18 1413.62 1302.04 1408.96 1384.4 1240.15 1039.61 884.743 988.125 873.841
threshold=0.058606902356902406 2.3750000000000004 1.0000000180025095e-35 7.8333333333333348 0.063775180634111181 -7.1909090909090905 0.95940170940170943 -0.66666666666666685 -0.10476398095488547 -8.1666666666666625 -0.012202380952380907 -0.1911652957399686
decision_type=10 10 10 10 8 10 10 10 10 10 10 8
left_child=1 4 3 7 5 -1 -6 -2 -5 10 -4 -11
right_child=2 -3 9 8 6 -7 -8 -9 -10 11 -12 -13
leaf_value=-0.067230258605036994 0.23732067120295985 0.34923949100296287 0.19464066781103612 -0.036503188703209163 -0.0031543007494056786 0.10159237117653615 -0.23331041354686022 -0.12885237776619549 0.31445644775367515 -0.0088552547960865265 -0.1837886277367087 -0.26138973104590107
leaf_weight=151 22 29 30 35 713 603 67 165 44 44 29 163
leaf_count=151 22 29 30 35 713 603 67 165 44 44 29 163
internal_value=-0.000638826 0.0280556 -0.0845117 -0.00553139 0.0208363 0.067497 -0.0243479 -0.0804544 0.165455 -0.161748 0.00802516 -0.209422
internal_weight=2095 1563 532 266 1534 754 780 187 79 266 59 207
internal_count=2095 1563 532 266 1534 754 780 187 79 266 59 207
is_linear=0
shrinkage=0.05


Tree=35
num_leaves=14
num_cat=0
split_feature=73 66 48 74 73 43 96 57 52 7 88 71 36
split_gain=3027.34 1607.21 1371.63 1380.06 1274.49 1296.28 1153.9 1128.83 1026.78 1326.5 1057.42 967.342 879.836
threshold=-2.4999999999999996 -0.01409008605405688 -0.67889296563807866 0.12922008547008554 11.500000000000002 -5.680681744488802 62.500000000000007 -20.583333333333329 0.90015104844650307 -0.34715711697936052 0.0992755583797892 0.043802956302956352 -0.83333333084980643
decision_type=8 8 8 10 10 8 8 8 10 10 10 10 10
left_child=1 6 -3 -4 5 11 -1 -7 9 -6 -10 -2 -8
right_child=4 2 3 -5 8 7 12 -9 10 -11 -12 -13 -14
leaf_value=0.34434713625138808 0.26552313735336064 -0.40232813192830819 -0.053442794105431707 -0.24792831138264937 0.24520062973870982 -0.19422224398170199 0.22186515309192517 -0.00024339093183967428 0.37507946599843139 0.029839911281207849 -0.018700381574620093 -0.024267954664304855 -0.12180157980571192
leaf_weight=26 70 37 383 117 83 79 22 705 54 396 23 45 55
leaf_count=26 70 37 383 117 83 79 22 705 54 396 23 45 55
internal_value=-0.000576626 -0.0908121 -0.125426 -0.101056 0.0392554 0.00228248 0.0866391 -0.02096 0.0983949 0.069408 0.262879 0.155424 -0.0154602
internal_weight=2095 640 537 500 1455 899 103 784 556 479 77 115 77
internal_count=2095 640 537 500 1455 899 103 784 556 479 77 115 77
is_linear=0
shrinkage=0.05


Tree=36
num_leaves=12
num_cat=0
split_feature=66 12 53 5 16 59 35 12 24 87 15
split_gain=2226.94 1910.61 1507.54 1697.4 1263.91 1013.96 1004.78 918.245 1324.32 1321.89 655.022
threshold=-0.022481883255143952 2.4083333333333337 -4.2742786258459082 -0.087037991732358919 -7.9999999999999982 -8.8047619047619037 -1.0000000180025095e-35 0.26666666666666677 -0.30952380952380942 -0.42289600490628415 0.3100961538461538
decision_type=8 10 8 10 8 10 10 10 10 10 10
left_child=5 2 3 -2 -4 6 -1 8 -7 -9 -8
right_child=1 -3 4 -5 -6 7 10 9 -10 -11 -12
leaf_value=-0.25048493219491763 0.04192213776746187 0.35492522362619638 0.079905950696077144 -0.18751624744391365 -0.037058358047022122 0.35065795821802959 -0.0890912013394492 0.50140520789793563 0.016815022278415897 0.13766029437205621 0.25898906389872234
leaf_weight=34 111 27 302 272 927 30 23 30 203 114 22
leaf_count=34 111 27 302 272 927 30 23 30 203 114 22
internal_value=-0.000499114 -0.0277547 -0.0352729 -0.121209 -0.00806909 0.0965956 -0.0627472 0.130501 0.0664729 0.228059 0.088963
internal_weight=2095 1639 1612 383 1229 456 79 377 233 144 45
internal_count=2095 1639 1612 383 1229 456 79 377 233 144 45
is_linear=0
shrinkage=0.05


Tree=37
num_leaves=12
num_cat=0
split_feature=73 72 0 7 41 53 6 42 12 84 33
split_gain=2675.79 1170.92 1310.73 1659.62 1116.03 1084.59 1580.5 1804.47 1327.82 1338.23 1283.48
threshold=5.5000000000000009 -242.62499999999997 -8.2083333333333304 -0.29763025813736016 -0.07214960580070813 -3.814660874505837 0.17481734137982133 -6.2333333015441861 1.825 -0.26284637491454832 1.0000000180025095e-35
decision_type=10 8 10 10 8 10 10 8 10 8 10
left_child=5 -2 4 -4 -3 8 7 -7 9 -1 -8
right_child=1 2 3 -5 -6 6 10 -9 -10 -11 -12
leaf_value=-0.23044005472570506 -0.19595333944836801 -0.35472435289621357 0.27615414782039888 0.067568481239097519 0 0.30080942861866533 -0.20598719744351657 -0.00033999278231431512 0.20804198440765181 -0.054904604336457032 0.15995046968261403
leaf_weight=193 39 20 108 665 195 52 132 388 26 252 25
leaf_count=193 39 20 108 665 195 52 132 388 26 252 25
internal_value=-0.000327952 0.0571306 0.0681075 0.0983629 -0.0402069 -0.0556361 -0.0105635 0.038118 -0.11195 -0.132861 -0.14427
internal_weight=2095 1027 988 773 215 1068 597 440 471 445 157
internal_count=2095 1027 988 773 215 1068 597 440 471 445 157
is_linear=0
shrinkage=0.05


Tree=38
num_leaves=13
num_cat=0
split_feature=66 12 48 50 1 59 35 86 30 40 19 64
split_gain=1968.31 1723.92 1547.04 1204.24 933.797 1002.59 1118.5 976.568 1042.93 991.817 886.366 818.899
threshold=-0.022481883255143952 2.4083333333333337 -0.67889296563807866 0.017694394368057451 3.7083333333333335 -8.9999999999999964 0.056944444444444527 -0.2702483315659942 0.38136513531208044 0.096572868681202351 0.067137718200683608 -0.022222222222222279
decision_type=8 10 8 10 10 10 8 10 8 8 10 8
left_child=4 2 10 -4 5 11 -7 8 -6 -9 -2 -1
right_child=1 -3 3 -5 7 6 -8 9 -10 -11 -12 -13
leaf_value=0.069090575780029653 -0.065965300933881241 0.33755111265927557 0.01210543426942513 -0.07921614412458465 0.4292859143910131 0.15831976363058708 -0.064463172296292323 0.25814515309674396 0.010944437751403222 -0.055657950323075057 -0.41106788828605567 -0.30581347078084947
leaf_weight=22 39 27 968 569 51 152 84 37 21 59 36 30
leaf_count=22 39 27 968 569 51 152 84 37 21 59 36 30
internal_value=-0.000314567 -0.0259405 -0.0330846 -0.0218168 0.0909664 0.0349179 0.0791244 0.182974 0.316553 0.071584 -0.247578 -0.154176
internal_weight=2095 1639 1612 1537 456 288 236 168 72 96 75 52
internal_count=2095 1639 1612 1537 456 288 236 168 72 96 75 52
is_linear=0
shrinkage=0.05


Tree=39
num_leaves=13
num_cat=0
split_feature=66 48 97 50 20 32 86 13 95 78 48 21
split_gain=1786.26 1414.49 1082.16 1150.92 1057.83 932.026 1208.52 1244.52 1018.41 734.936 779.424 621.643
threshold=-0.022481883255143952 -0.67889296563807866 2395.8000000000006 0.017694394368057451 0.054583324398845445 -0.58333333333333315 -0.16666666666666663 -0.48535714285714282 13.839743589743593 5.583333333333333 0.86993967475815837 0.010624115665753721
decision_type=8 8 10 10 10 10 10 10 8 10 8 8
left_child=5 4 3 -3 -2 9 8 -8 -7 10 -1 -4
right_child=1 2 11 -5 -6 6 7 -9 -10 -11 -12 -13
leaf_value=0.11248536304852297 -0.034831123943414165 0.027944279437466624 -0.37384007065556946 -0.061937281036455384 -0.40294846397425443 0.32882841552793979 -0.15094569555500098 0.1259148042478507 0.02549207733737098 -0.21908575606842839 -0.20505761051177981 -0.037844610074535018
leaf_weight=81 39 944 27 565 37 95 52 137 40 31 20 27
leaf_count=81 39 944 27 565 37 95 52 137 40 31 20 27
internal_value=-0.000261546 -0.0246748 -0.0140364 -0.00576957 -0.228474 0.0866946 0.131781 0.0475567 0.243428 -0.024378 0.0424274 -0.224134
internal_weight=2095 1639 1563 1509 76 456 324 189 135 132 101 54
internal_count=2095 1639 1563 1509 76 456 324 189 135 132 101 54
is_linear=0
shrinkage=0.05


Tree=40
num_leaves=13
num_cat=0
split_feature=73 73 91 27 30 40 59 59 63 62 55 73
split_gain=2316.5 1177.4 1034.2 1438.05 958.767 945.958 1326.46 1168.61 999.801 922.151 753.605 446.007
threshold=11.500000000000002 -6.4999999999999991 -2.4999999999999996 -0.23936965564886725 -0.3804105904884636 -0.34565804898738856 -14.038461538461538 4.9045454545454534 -0.012443163900664354 0.0072261967715580586 1.2583333333333331 14.500000000000002
decision_type=10 8 2 8 8 10 8 10 10 10 10 10
left_child=1 4 10 -4 -1 8 -7 -8 11 -6 -3 -2
right_child=5 2 3 -5 9 6 7 -9 -10 -11 -12 -13
leaf_value=0.19151709389228089 -0.012340518379850049 -0.07138834770739777 -0.32203472323956028 0.023921856493592509 -0.043133670883113893 -0.27902154565921855 0.12393196840176859 -0.05999549024627876 0.45538729555679097 -0.20152410686762581 -0.36556809925370748 0.23576173861237135
leaf_weight=21 37 139 26 959 183 23 326 113 28 189 22 29
leaf_count=21 37 139 26 959 183 23 326 113 28 189 22 29
internal_value=-0.000353924 -0.0319935 -0.00618824 0.0131592 -0.106094 0.0866396 0.0557375 0.0763334 0.227529 -0.125344 -0.121688 0.104896
internal_weight=2095 1539 1146 985 393 556 462 439 94 372 161 66
internal_count=2095 1539 1146 985 393 556 462 439 94 372 161 66
is_linear=0
shrinkage=0.05


Tree=41
num_leaves=13
num_cat=0
split_feature=73 92 85 0 24 40 37 89 40 84 43 28
split_gain=2103.02 1127.3 1086.96 1873.29 1114.61 912.869 1489.68 1141.55 1054.39 893.779 726.181 437.958
threshold=11.500000000000002 -0.69615384615384601 1.3439182777600855 1.0000000180025095e-35 -0.28472222222222215 0.25803417883192509 0.33750000596046453 -0.58570605441927903 0.43972118571400648 2.8026842796061442 1.0630951438631338 0.0073863636363636362
decision_type=10 2 10 10 8 8 10 10 10 8 8 10
left_child=1 10 4 -4 -3 6 7 -2 9 -7 -1 -8
right_child=5 2 3 -5 -6 8 11 -9 -10 -11 -12 -13
leaf_value=-0.43290065350010992 -0.31982647241265688 0.083772687038560972 -0.059461771235443085 0.21447274270198072 -0.058735435244165857 0.31780937710373675 0.10564837373536209 0.0202074928624549 -0.072783125487224362 0.083859414881204852 -0.051806339429270834 0.4395395779609681
leaf_weight=23 22 152 125 116 1097 92 24 282 36 80 26 20
leaf_count=23 22 152 125 116 1097 92 24 282 36 80 26 20
internal_value=-0.000377239 -0.0305247 -0.0222762 0.0738666 -0.0410878 0.0825098 0.0319165 -0.00901542 0.164185 0.214721 -0.255134 0.287802
internal_weight=2095 1539 1490 241 1249 556 348 304 208 172 49 44
internal_count=2095 1539 1490 241 1249 556 348 304 208 172 49 44
is_linear=0
shrinkage=0.05


Tree=42
num_leaves=15
num_cat=0
split_feature=73 66 63 6 74 96 74 53 6 96 76 39 7 6
split_gain=2000.16 1285.1 1256.86 1564.08 1068.28 1024.24 922.695 1426.63 1390.26 992.467 937.49 1657.51 1241.92 806.301
threshold=-2.4999999999999996 -0.01409008605405688 -0.068951657307999473 -0.095294074621051536 0.2255952380952381 62.500000000000007 -0.20393518518518522 -2.2082699537277217 -0.15113819444862503 70.500000000000014 -0.25396825396825395 0.026410504377314025 -0.34715711697936052 -0.03936178004369139
decision_type=8 8 10 8 10 8 8 10 10 8 10 8 8 8
left_child=1 5 3 -3 -4 -1 7 8 -2 -9 11 -8 -12 -7
right_child=6 2 4 -5 -6 13 10 9 -10 -11 12 -13 -14 -15
leaf_value=0.32755798416272291 0.077711128230605817 -0.26681598256133043 -0.12673362830141385 0.049996814919929758 -0.38799825900671436 0.22822188252210618 -0.12680236752662394 0.19556062583599176 -0.36800299181735946 -0.067916081574124598 0.3840536481164622 0.065471069916325494 0.068517744072767742 -0.10810351971416705
leaf_weight=26 23 44 264 185 44 20 175 52 51 91 28 292 743 57
leaf_count=26 23 44 264 185 44 20 175 52 51 91 28 292 743 57
internal_value=-0.000323877 -0.0736751 -0.104664 -0.0150623 -0.169819 0.084791 0.0320481 -0.0619606 -0.232687 0.0309258 0.0487494 -0.00705406 0.0824421 -0.0115472
internal_weight=2095 640 537 229 308 103 1455 217 74 143 1238 467 771 77
internal_count=2095 640 537 229 308 103 1455 217 74 143 1238 467 771 77
is_linear=0
shrinkage=0.05


Tree=43
num_leaves=16
num_cat=0
split_feature=73 66 39 43 50 80 69 41 99 64 49 57 39 20 30
split_gain=1822.74 1111.39 1104.73 1504.02 1358.82 987.914 1782.22 1396.26 1246.76 1311.68 1106.82 969.62 965.209 458.186 416.221
threshold=2.5000000000000004 -0.016155381066103772 -0.027076871739700435 -3.8375001748402897 -0.10926793435743698 -0.95297614733378111 0.017636395990848545 0.035948910750448711 5.5000000000000009 -0.38134920634920627 -0.39599381247535342 1.3333333333333333 0.044655424014975638 0.04887809418141844 0.16302034805218382
decision_type=8 8 8 8 8 8 10 10 2 8 8 10 10 10 8
left_child=1 12 3 -3 -4 6 11 -8 9 -7 -10 -2 13 -1 -14
right_child=5 2 4 -5 -6 8 7 -9 10 -11 -12 -13 14 -15 -16
leaf_value=-0.18076800587964623 -0.25158858643942755 0.29574667719694286 -0.38954144391748646 -0.053775422613149229 -0.097380923852324497 0.27940527388583059 0.30263202481716878 0.0022811989896418003 -0.17939115533232688 0.0016051943259785921 0.17329862288084993 -0.030816556175092338 0.30460183052789597 0.076896857267076332 0.030100021617753166
leaf_weight=32 90 34 40 141 439 41 45 173 20 563 280 109 37 28 23
leaf_count=32 90 34 40 141 439 41 45 173 20 563 280 109 37 28 23
internal_value=-0.000311884 -0.0610376 -0.0866974 0.0201828 -0.125654 0.0353268 -0.0280245 0.0698998 0.0645982 0.0226837 0.147067 -0.134627 0.0762821 -0.0630895 0.210555
internal_weight=2095 774 654 175 479 1321 417 218 904 604 300 199 120 60 60
internal_count=2095 774 654 175 479 1321 417 218 904 604 300 199 120 60 60
is_linear=0
shrinkage=0.05


Tree=44
num_leaves=14
num_cat=0
split_feature=66 48 17 75 92 20 1 77 77 7 16 86 47
split_gain=1378.26 1210.81 1079.96 1373.51 1037.69 927.475 798.562 1049.25 1116.85 953.819 887.887 798.045 594.505
threshold=-0.022481883255143952 -0.67889296563807866 9.1833333333333353 -0.20087842712842705 -0.69615384615384601 0.054583324398845445 3.7083333333333335 -0.23255621693121689 -0.010052910052909951 -0.15781994621890286 -1.0000000180025095e-35 -0.14545454545454545 -0.074721992171059029
decision_type=8 8 10 10 2 10 10 10 10 8 10 10 8
left_child=6 5 4 -4 -3 -2 7 10 -9 12 -1 -11 -8
right_child=1 2 3 -5 -6 -7 9 8 -10 11 -12 -13 -14
leaf_value=-0.22603050809597872 -0.029327097907662393 -0.25782558789683713 0.03971070762512819 -0.19209711481873171 0.014357613467848768 -0.37358436917974835 -0.21169126564264298 0.25294890784802782 0.00029806372011080388 0.36122560700581924 0.051894161557512621 0.10009803376419263 0.12129270639912836
leaf_weight=56 39 31 101 161 1270 37 20 66 115 57 51 67 24
leaf_count=56 39 31 101 161 1270 37 20 66 115 57 51 67 24
internal_value=-0.000258991 -0.0217065 -0.0118651 -0.103479 0.00687154 -0.210258 0.0761206 0.0244483 0.0970169 0.161146 -0.0967124 0.229869 -0.0351999
internal_weight=2095 1639 1563 262 1301 76 456 288 181 168 107 124 44
internal_count=2095 1639 1563 262 1301 76 456 288 181 168 107 124 44
is_linear=0
shrinkage=0.05


Tree=45
num_leaves=13
num_cat=0
split_feature=73 7 18 86 32 77 72 30 77 37 25 13
split_gain=1664.74 963.243 1121.47 1130.45 1069.31 895.35 881.343 1203.05 869.635 1229.84 1187.62 797.675
threshold=11.500000000000002 -0.28635896772417857 -18.416666666666661 -0.5787466237039276 0.75000000000000022 -0.06541005291005296 180.45000000000007 0.30636968939021858 0.224404761904762 0.31647727193705966 -0.00031382960104752578 -1.0000000180025095e-35
decision_type=10 8 8 8 10 8 10 8 10 10 10 10
left_child=1 11 4 -4 -3 6 7 -2 9 -7 -10 -1
right_child=5 2 3 -5 -6 8 -8 -9 10 -11 -12 -13
leaf_value=0.31401733578862373 -0.028695807688927745 -0.25252758957445626 0.077105112116643573 -0.042552618029349974 0.096377722571293511 0.11326482540351296 -0.22564782354515045 0.32816338867976746 -0.24175830890198013 0.40910808639817459 0.11618539799725819 -0.046124820257055353
leaf_weight=32 123 95 234 1129 25 247 35 24 32 38 57 24
leaf_count=32 123 95 234 1129 25 247 35 24 32 38 57 24
internal_value=-0.000283986 -0.0271094 -0.035039 -0.0217665 -0.178491 0.0734591 -0.0170173 0.0381163 0.117263 0.159256 -0.0179953 0.167722
internal_weight=2095 1539 1483 1363 120 556 182 147 374 285 89 56
internal_count=2095 1539 1483 1363 120 556 182 147 374 285 89 56
is_linear=0
shrinkage=0.05


Tree=46
num_leaves=14
num_cat=0
split_feature=73 11 66 74 77 66 82 89 17 84 94 76 59
split_gain=1537.77 1150.44 1107.26 1055.69 906.781 1484.53 1304.74 1364.55 1256.55 1156.42 775.338 714.932 502.892
threshold=-2.4999999999999996 -0.042920675660489675 -0.01638765727931803 0.2255952380952381 -0.055555555555555518 -0.049652825342491262 -0.21622455247455244 -0.17632562590103282 10.750000000000004 -0.47604673135539616 44.750000000000007 -0.004840067340067338 6.2416666666666663
decision_type=8 8 8 10 10 8 10 8 10 10 10 10 10
left_child=1 10 12 -4 5 9 11 -8 -7 -2 -1 -6 -3
right_child=4 2 3 -5 6 8 7 -9 -10 -11 -12 -13 -14
leaf_value=0.31847011442145995 -0.052835393952471867 0.16989559294868328 -0.080720350039383798 -0.28214137932356403 0.48350120278505182 -0.0043312546332192614 0.1813008295638221 0.0026932110158431623 -0.19327319052468228 0.32288889364738549 -0.02956187886496385 0.13978712735539775 -0.08291330938377689
leaf_weight=26 30 52 431 74 21 610 135 456 98 51 31 54 26
leaf_count=26 30 52 431 74 21 610 135 456 98 51 31 54 26
internal_value=-0.000193963 -0.0645134 -0.0857475 -0.11281 0.0281876 -0.00804574 0.0709272 0.0447545 -0.0317263 0.188169 0.141264 0.260856 0.0851053
internal_weight=2095 640 583 505 1455 789 666 591 708 81 57 75 78
internal_count=2095 640 583 505 1455 789 666 591 708 81 57 75 78
is_linear=0
shrinkage=0.05


Tree=47
num_leaves=12
num_cat=0
split_feature=73 92 85 87 38 52 61 25 67 88 43
split_gain=1434.76 932.791 935.206 1291.88 1248.2 815.871 1128.11 1246.06 995.614 957.837 662.202
threshold=11.500000000000002 -0.69615384615384601 1.3439182777600855 -0.14211752238328609 -0.078826697543263421 0.90015104844650307 0.24238086791592653 -0.00031382960104752578 0.21877576954041919 0.095480915935089214 1.0630951438631338
decision_type=10 2 10 8 10 10 8 10 10 8 8
left_child=1 10 3 -3 -4 6 7 -2 -8 -7 -1
right_child=5 2 4 -5 -6 9 8 -9 -10 -11 -12
leaf_value=-0.39865731884326255 -0.15833149943609559 0.038997905592970838 -0.063601022466872506 -0.069614488358835686 0.1637298871372902 0.37363156268203801 0.18150014010381837 0.058519132645137008 -0.086122991674476207 0.025753313493590026 -0.037682676699853715
leaf_weight=23 102 398 98 851 143 39 168 169 40 38 26
leaf_count=23 102 398 98 851 143 39 168 169 40 38 26
internal_value=-7.67936e-05 -0.0249827 -0.0174868 -0.0349472 0.0716712 0.0683815 0.0427993 -0.0243085 0.128986 0.2146 -0.22927
internal_weight=2095 1539 1490 1249 241 556 479 271 208 77 49
internal_count=2095 1539 1490 1249 241 556 479 271 208 77 49
is_linear=0
shrinkage=0.05


Tree=48
num_leaves=11
num_cat=0
split_feature=73 12 59 16 29 5 87 51 53 40
split_gain=1340.02 1077.07 896.377 1222.77 949.877 854.002 1253.19 1090.83 1032.48 579.426
threshold=-6.4999999999999991 2.4083333333333337 -13.630419580419579 -7.3333333333333295 -0.21489094942808148 -0.091537056316743887 0.96193352039354241 -0.27521745377841089 -3.0747015625238414 -0.19913260824978349
decision_type=8 10 8 10 8 8 10 10 8 8
left_child=5 2 3 -2 -4 7 8 -1 -7 -9
right_child=1 -3 4 -5 -6 6 -8 9 -10 -11
leaf_value=-0.13565419128066616 0.10233385937158453 0.31624770894025767 0.12064001801201579 -0.23132242053747176 0.0080703258019725038 -0.18852402667678494 -0.41708885300904514 0.024912237089413865 -0.00044848837941471078 0.39035087347030645
leaf_weight=33 38 25 213 75 1351 126 27 21 166 20
leaf_count=33 38 25 213 75 1351 126 27 21 166 20
internal_value=-6.84154e-05 0.019171 0.0137856 -0.119114 0.0237686 -0.0827099 -0.117964 0.0664763 -0.0835803 0.227315
internal_weight=2095 1702 1677 113 1564 393 319 74 292 41
internal_count=2095 1702 1677 113 1564 393 319 74 292 41
is_linear=0
shrinkage=0.05


Tree=49
num_leaves=15
num_cat=0
split_feature=73 62 92 10 40 89 59 0 34 98 98 12 63 94
split_gain=1253.7 918.711 1019.93 1003.63 795.299 1540.18 901.47 864.713 816.276 604.639 482.53 298.198 214.924 174.185
threshold=11.500000000000002 -0.23623312761386234 -0.69615384615384601 -0.010955654847179174 -0.34565804898738856 -0.28914391961103919 -13.236111111111111 -8.0833333333333304 0.37500000000000006 5.5000000000000009 3.5000000000000004 -0.15000000000000005 -0.012443163900664354 45.750000000000007
decision_type=10 8 2 8 10 10 10 10 8 10 10 10 10 10
left_child=1 9 10 -4 7 8 -7 13 -6 11 -3 -1 -9 -2
right_child=4 2 3 -5 5 6 -8 12 -10 -11 -12 -13 -14 -15
leaf_value=0.084379871612414725 -0.080528425812721252 -0.043493658414593454 0.053588120000759132 -0.035543256233855847 -0.34756503960973512 -0.22359884589910509 0.087183984049458804 0.17687167142118729 0.033451733580575536 -0.31829189243061201 -0.36837172014959929 -0.14865990200590704 0.43413833269317242 0.1042247235774994
leaf_weight=20 20 22 469 941 32 20 389 30 21 37 24 26 23 21
leaf_count=20 20 22 469 941 32 20 389 30 21 37 24 26 23 21
internal_value=-6.38613e-05 -0.0233468 -0.0137784 -0.00577608 0.0639276 0.0358038 0.0693491 0.192859 -0.205865 -0.180309 -0.233473 -0.0480188 0.317179 0.0140572
internal_weight=2095 1539 1456 1410 556 462 409 94 53 83 46 46 53 41
internal_count=2095 1539 1456 1410 556 462 409 94 53 83 46 46 53 41
is_linear=0
shrinkage=0.05


Tree=50
num_leaves=9
num_cat=0
split_feature=12 66 27 7 64 37 13 53
split_gain=1232.14 1156.22 1077.35 1265.34 844.943 1156.82 1061.33 627.178
threshold=2.4083333333333337 -0.022481883255143952 -0.23936965564886725 -0.28635896772417857 -0.19444444444444442 -0.20396825720866515 1.0000000180025095e-35 -1.2261773099501927
decision_type=10 8 8 8 8 10 10 10
left_child=1 4 7 -4 5 -1 -6 -3
right_child=-2 2 3 -5 6 -7 -8 -9
leaf_value=-0.038668838851153853 0.27469998149201275 -0.41866852950166777 0.19468554351756823 -0.027361161855230028 -0.050195666165155452 0.30722980421568669 0.12309951840331719 -0.044586717054523807
leaf_weight=35 35 22 62 1506 194 65 154 22
leaf_count=35 35 22 62 1506 194 65 154 22
internal_value=-0.00013117 -0.00547867 -0.025267 -0.0179585 0.0651064 0.189613 0.0270082 -0.256284
internal_weight=2095 2060 1612 1568 448 100 348 44
internal_count=2095 2060 1612 1568 448 100 348 44
is_linear=0
shrinkage=0.05


Tree=51
num_leaves=12
num_cat=0
split_feature=73 64 67 24 63 43 49 87 34 61 92
split_gain=1162.33 1060.38 1439.03 1252.57 1249.22 1029.69 958.605 933.21 819.86 1385.6 1268.4
threshold=5.5000000000000009 -0.19444444444444442 0.21877576954041919 -0.16111111111111109 0.014982803414265307 -3.463076760218692 0.077547267079353346 -1.3330959564632912 inf 0.57712281122803699 0.11111111111111109
decision_type=10 8 10 10 8 8 10 8 8 10 2
left_child=7 2 3 -2 5 -3 -6 -1 9 -9 -10
right_child=1 4 -4 -5 6 -7 -8 8 10 -11 -12
leaf_value=0.22553342818988092 0.27213563430925897 0.092860576070167802 0.48557189747139262 -0.015804186080758637 0.096155097580661902 -0.11856525804385798 -0.056606119408877234 -0.022058625660445235 -0.064084238919519615 0.32694022496541342 -0.33219392558932309
leaf_weight=28 53 72 22 106 413 229 132 541 429 25 45
leaf_count=28 53 72 22 106 413 229 132 541 429 25 45
internal_value=-8.64885e-05 0.037775 0.145914 0.0852415 0.0138587 -0.0671373 0.0588869 -0.0365475 -0.0446967 -0.00382803 -0.092844
internal_weight=2095 1027 181 159 846 301 545 1068 1040 566 474
internal_count=2095 1027 181 159 846 301 545 1068 1040 566 474
is_linear=0
shrinkage=0.05


Tree=52
num_leaves=15
num_cat=0
split_feature=71 10 0 78 72 64 32 20 71 30 37 19 95 78
split_gain=1028.78 922.946 1297.43 1272.33 1282.05 1122.5 901.78 1127.12 1211.35 1122.23 896.81 743.837 621.669 591.84
threshold=0.058606902356902406 -0.010955654847179174 -6.583333333333333 -8.1666666666666625 -77.716666666666569 -0.066666666666666666 1.2500000000000002 -0.13869895172926283 -0.080837773337773269 0.24363682512193921 -0.30773809403181068 0.096255439023176834 12.226495726495727 -5.666666666666667
decision_type=10 10 10 10 10 10 10 8 10 10 10 10 10 10
left_child=6 2 13 12 -5 -4 7 8 -1 -9 -8 -12 -3 -2
right_child=1 3 5 4 -6 -7 10 9 -10 -11 11 -13 -14 -15
leaf_value=-0.062880682505858251 -0.0080762815420274397 0.24094879233743996 0.23358847288465179 -0.30758567882567339 -0.074141466011670196 -0.024593414191156626 -0.091879807726333029 -0.038091461751958773 0.12649853197809824 0.15398923611066428 0.08083322129788853 0.32631794161963884 -0.046482278129204795 -0.36172521644168432
leaf_weight=112 22 27 69 92 163 95 33 903 306 78 79 52 42 22
leaf_count=112 22 27 69 92 163 95 33 903 306 78 79 52 42 22
internal_value=0 -0.0597287 0.0220261 -0.111902 -0.162852 0.0874332 0.0204571 0.00721372 0.0754941 -0.0220648 0.129578 0.18706 0.0739959 -0.204789
internal_weight=2095 532 208 324 255 164 1563 1399 418 981 164 131 69 44
internal_count=2095 532 208 324 255 164 1563 1399 418 981 164 131 69 44
is_linear=0
shrinkage=0.05


Tree=53
num_leaves=11
num_cat=0
split_feature=73 27 7 9 30 41 80 4 6 20
split_gain=1064.31 1104.71 964.629 862.005 797.268 823.34 984.603 762.66 728.462 725.792
threshold=-6.4999999999999991 -0.2334656106928984 -0.3184036783253153 -0.22277421667240557 -0.3804105904884636 -0.15843835224222855 1.7472222149372103 -0.048311485642833364 -0.32537254242924968 0.42235908368602398
decision_type=8 8 8 8 8 8 10 10 8 10
left_child=4 7 8 -4 -1 6 -6 -2 -3 -7
right_child=1 2 3 -5 5 9 -8 -9 -10 -11
leaf_value=0.19627595043812807 -0.32487511358773102 0.068820338133214559 -0.11242300139254882 0.027448823914042676 -0.096268733214764368 -0.073417438847934877 -0.39598597557079507 0.038663240120961118 0.42793862974643715 0.14886020770503414
leaf_weight=21 34 39 114 1474 100 196 36 21 20 40
leaf_count=21 34 39 114 1474 100 196 36 21 20 40
internal_value=0 0.0171823 0.0248154 0.0170549 -0.0736147 -0.0913842 -0.187189 -0.193581 0.215259 -0.033229
internal_weight=2095 1702 1647 1588 393 372 136 55 59 236
internal_count=2095 1702 1647 1588 393 372 136 55 59 236
is_linear=0
shrinkage=0.05


Tree=54
num_leaves=7
num_cat=0
split_feature=12 47 0 85 9 65
split_gain=1124.83 1029.04 896.613 1840.54 1047.65 668.699
threshold=2.4083333333333337 0.86035566637292515 -7.7499999999999991 1.4737500546459414 -0.14117904271309573 -0.33333333333333331
decision_type=10 10 10 8 8 10
left_child=1 2 4 -4 -1 -3
right_child=-2 5 3 -5 -6 -7
leaf_value=-0.27738152108356062 0.26261818106286228 -0.38986588833587515 -0.011446117427527281 0.11574209516206731 -0.034320897360980186 -0.035074774556877936
leaf_weight=46 35 23 1236 364 363 28
leaf_count=46 35 23 1236 364 363 28
internal_value=0 -0.00508284 0.000783343 0.0177285 -0.0647984 -0.216495
internal_weight=2095 2060 2009 1600 409 51
internal_count=2095 2060 2009 1600 409 51
is_linear=0
shrinkage=0.05


Tree=55
num_leaves=16
num_cat=0
split_feature=71 35 78 14 35 35 81 4 18 87 81 38 8 4 3
split_gain=873.264 984.848 1360.17 1411.59 1302.85 1514.71 1163.66 1153.01 902.741 1138.38 999.842 896.739 791.019 737.384 408.58
threshold=0.058606902356902406 0.12222222222222219 3.583333333333329 -0.75833333333333319 -0.19722222222222222 -0.068055555555555577 -1.9835317184527712 -0.028170615811610504 7.6666666666666679 0.50782024317110586 -4.0047619342803946 0.016903516836464409 -0.21217055587476349 -0.068248331975487478 0.049641452419261149
decision_type=10 8 10 8 10 10 8 10 10 10 10 10 8 10 10
left_child=1 4 3 -3 6 -6 -1 -4 9 10 -2 -11 14 -14 -10
right_child=8 2 7 -5 5 -7 -8 -9 12 11 -12 -13 13 -15 -16
leaf_value=-0.29967199457543242 -0.31757602252426653 0.20206848571052483 -0.38953498195518149 -0.033033207344605513 0.17677081115831511 0.029272545061382368 -0.0029385305274231936 -0.055917246267199516 -0.26946328836679462 -0.077636105551364576 -0.017064197925311008 -0.41233933356073171 -0.07429602802611697 0.19181187276892803 0.025884185910224917
leaf_weight=37 26 71 39 394 254 542 157 69 20 42 270 40 34 80 20
leaf_count=37 26 71 39 394 254 542 157 69 20 42 270 40 34 80 20
internal_value=-1.98549e-05 0.0188029 -0.0331323 0.00452544 0.0489281 0.0772106 -0.0658908 -0.188738 -0.0550739 -0.0963229 -0.0484635 -0.255795 0.0457043 0.112239 -0.134211
internal_weight=2095 1563 573 465 990 796 194 108 532 378 296 82 154 114 40
internal_count=2095 1563 573 465 990 796 194 108 532 378 296 82 154 114 40
is_linear=0
shrinkage=0.05


Tree=56
num_leaves=9
num_cat=0
split_feature=12 73 66 29 58 61 57 43
split_gain=1025.64 1042.17 1028.52 982.178 752.841 956.24 908.736 598.426
threshold=2.4083333333333337 -2.4999999999999996 -0.01409008605405688 0.033627130906097598 -23.499999999999996 0.051947705137232958 -27.833333333333325 4.5375459356622416
decision_type=10 8 8 10 8 8 10 8
left_child=1 2 7 -4 6 -6 -3 -1
right_child=-2 4 3 -5 5 -7 -8 -9
leaf_value=0.16355725831629053 0.25056106385774912 0.018863690480953311 -0.028920548472898645 -0.16826260482709532 -0.034597993552222789 0.048722248710196543 0.40696111917495731 -0.080457197779264203
leaf_weight=69 35 36 308 214 630 747 22 34
leaf_count=69 35 36 308 214 630 747 22 34
internal_value=-0.000182394 -0.00506318 -0.0587083 -0.0871948 0.0183894 0.0105784 0.187482 0.0825501
internal_weight=2095 2060 625 522 1435 1377 58 103
internal_count=2095 2060 625 522 1435 1377 58 103
is_linear=0
shrinkage=0.05


Tree=57
num_leaves=9
num_cat=0
split_feature=12 73 5 48 46 46 49 89
split_gain=937.303 943.841 946.037 1275.53 928.849 850.103 1655.28 1058.26
threshold=2.4083333333333337 -2.4999999999999996 -0.087037991732358919 -0.60035558976232994 -0.11078936588019132 0.4050712301395834 0.13571475694576901 0.029080916428938512
decision_type=10 8 8 8 10 10 8 8
left_child=1 2 4 -4 -1 7 -7 -3
right_child=-2 5 3 -5 -6 6 -8 -9
leaf_value=-0.06372906480516706 0.23959902185946702 0.088265774983304499 -0.33847095094945123 -0.06047003328165939 0.19955152599857406 0.028403795479486391 -0.32342839952594105 -0.0046995128979142693
leaf_weight=65 35 485 41 459 60 91 47 812
leaf_count=65 35 485 41 459 60 91 47 812
internal_value=-0.000102271 -0.00476936 -0.0558221 -0.0864906 0.0650755 0.0175481 -0.0981924 0.030231
internal_weight=2095 2060 625 500 125 1435 138 1297
internal_count=2095 2060 625 500 125 1435 138 1297
is_linear=0
shrinkage=0.05


Tree=58
num_leaves=11
num_cat=0
split_feature=73 25 86 81 59 9 85 36 45 8
split_gain=886.644 1026.85 845.289 1786.73 1559.57 1240.66 962.829 929.912 775.613 736.989
threshold=25.500000000000004 0.022105027455836538 0.0046164773404598026 -4.7188161363204308 -6.0741758241758239 0.2169768527771036 1.3439182777600855 -0.49999999751647306 0.063096679747104659 0.13822348113171759
decision_type=10 10 8 10 10 10 10 8 8 10
left_child=2 9 3 8 -5 7 -7 -4 -1 -2
right_child=1 -3 5 4 -6 6 -8 -9 -10 -11
leaf_value=-0.42217365667737766 0.46065968445369176 -0.087761353142559534 -0.12836762991931402 -0.070561593548450527 0.083956626359989073 -0.31590093892406335 0.014658613664072916 0.001518265968166363 -0.053210041692128056 0.093386457058099615
leaf_weight=24 23 27 160 212 659 61 32 831 32 34
leaf_count=24 23 27 160 212 659 61 32 831 32 34
internal_value=-0.000125131 0.154294 -0.00696674 0.0279759 0.046102 -0.0368857 -0.206705 -0.0199412 -0.2338 0.267589
internal_weight=2095 84 2011 927 871 1084 93 991 56 57
internal_count=2095 84 2011 927 871 1084 93 991 56 57
is_linear=0
shrinkage=0.05


Tree=59
num_leaves=7
num_cat=0
split_feature=12 47 66 75 63 59
split_gain=851.822 899.452 839.474 855.213 805.522 559.812
threshold=2.4083333333333337 0.86035566637292515 -0.022481883255143952 0.18027988545845688 0.034873233238856029 -1.0000000180025095e-35
decision_type=10 10 8 10 8 10
left_child=1 2 3 -1 -4 -3
right_child=-2 5 4 -5 -6 -7
leaf_value=0.020364177136651576 0.22833911973983048 -0.3294609788147842 -0.048320899341783963 0.17970434144923564 0.023539149341972501 -0.0027998249839853357
leaf_weight=332 35 29 869 109 699 22
leaf_count=332 35 29 869 109 699 22
internal_value=-0.000169327 -0.00461944 0.000863018 0.0614328 -0.0162816 -0.202273
internal_weight=2095 2060 2009 441 1568 51
internal_count=2095 2060 2009 441 1568 51
is_linear=0
shrinkage=0.05


Tree=60
num_leaves=13
num_cat=0
split_feature=50 50 30 14 15 18 51 59 59 61 78 63
split_gain=826.484 1051.39 1474.55 1471.48 1413.15 1404.84 1004.57 1068.46 992.17 955.48 813.441 654.576
threshold=0.01412358788074926 -0.038277741754427545 0.032776335681167751 -0.59999999999999976 1.1471861471861475 2.7500000000000022 -0.25378977910925937 -20.222222222222218 1.0357142857142867 0.57712281122803699 -1.0000000180025095e-35 -0.054655910567158759
decision_type=8 10 10 10 10 10 8 8 10 10 10 10
left_child=1 2 4 8 -1 -4 11 -8 -3 -9 -5 -2
right_child=6 3 5 10 -6 -7 7 9 -10 -11 -12 -13
leaf_value=-0.083938414348880191 -0.051114526391029362 0.090513754387696599 0.19372256013853595 0.30157824623537194 0.15925233853182624 -0.032255185521658396 -0.33417681684860817 -0.02466661165870334 -0.28043468296527863 0.14083562991581858 0.076366529738741182 -0.37731474669981807
leaf_weight=408 33 37 153 89 65 119 21 945 27 91 79 28
leaf_count=408 33 37 153 89 65 119 21 945 27 91 79 28
internal_value=-0.000149983 0.0333304 0.00405283 0.125067 -0.0490981 0.0958791 -0.0294705 -0.0175157 -0.0742367 -0.0094746 0.201232 -0.218845
internal_weight=2095 977 745 232 473 272 1118 1057 64 1036 168 61
internal_count=2095 977 745 232 473 272 1118 1057 64 1036 168 61
is_linear=0
shrinkage=0.05


Tree=61
num_leaves=15
num_cat=0
split_feature=73 62 81 61 80 7 39 27 16 7 98 4 86 83
split_gain=782.711 934.383 975.493 951.865 926.116 812.093 1542.64 1305.71 876.763 809.803 650.335 639.324 485.192 428.493
threshold=12.500000000000002 -0.23623312761386234 -4.2055554787317897 0.57712281122803699 -9.0599206487337742 0.0092276181094348448 -0.11667500667196387 0.014257969955603302 12.583333333333336 -0.017549745738506314 1.0000000180025095e-35 -0.030532225267961618 0.033591606587199591 -8.885833874344824
decision_type=10 8 8 10 10 10 10 10 10 10 10 10 10 10
left_child=1 10 4 -4 -3 8 12 -8 9 -2 -1 -10 -7 -12
right_child=5 2 3 -5 -6 6 7 -9 11 -11 13 -13 -14 -15
leaf_value=0.0049874681979417803 0.031204586402189149 0.11516013133984347 -0.0074266400340061269 0.16233304929602044 -0.23533020468405735 0.29872919479685445 -0.33443024029525431 0.025762165459589315 0.083081236888061877 0.30629245437681679 -0.060036083340644843 0.43712006558974581 0.0032337073356874533 -0.3649546471517533
leaf_weight=33 271 21 1332 83 76 26 47 47 28 25 20 25 26 35
leaf_count=33 271 21 1332 83 76 26 47 47 28 25 20 25 26 35
internal_value=-0.000168869 -0.0172095 -0.00768734 0.00303232 -0.157035 0.0544333 -0.0433105 -0.161624 0.0954987 0.0593064 -0.171071 0.274229 0.165103 -0.269151
internal_weight=2095 1600 1512 1415 97 495 146 94 349 296 88 53 52 55
internal_count=2095 1600 1512 1415 97 495 146 94 349 296 88 53 52 55
is_linear=0
shrinkage=0.05


Tree=62
num_leaves=7
num_cat=0
split_feature=90 27 7 85 36 35
split_gain=773.999 1062.84 1123.53 981.745 692.065 603.038
threshold=-2395.7999999999997 -0.25045927241444588 -0.29763025813736016 1.3439182777600855 -0.37638888508081431 0.016666666666666666
decision_type=8 8 8 10 10 8
left_child=5 -2 4 -4 -3 -1
right_child=1 2 3 -5 -6 -7
leaf_value=-0.33092941241639279 -0.24114075990956885 -0.027226204661138616 -0.015989632136871903 0.071279922439305879 0.28499376121266135 0.0040079536448631974
leaf_weight=26 38 24 1528 403 53 23
leaf_count=26 38 24 1528 403 53 23
internal_value=-9.78387e-05 0.00479821 0.0100647 0.00233476 0.191342 -0.186974
internal_weight=2095 2046 2008 1931 77 49
internal_count=2095 2046 2008 1931 77 49
is_linear=0
shrinkage=0.05


Tree=63
num_leaves=7
num_cat=0
split_feature=12 47 58 0 66 65
split_gain=757.134 793.915 831.771 916.685 871.721 587.659
threshold=2.4083333333333337 0.86035566637292515 -22.416666666666661 3.5833333333333335 -0.0027581390924751761 -0.33333333333333331
decision_type=10 10 8 10 10 10
left_child=1 2 3 -1 -4 -3
right_child=-2 5 4 -5 -6 -7
leaf_value=0.025811038066943487 0.21530940748751162 -0.3522930793464184 0.025455227100869993 0.33382860202538339 -0.042057269287850363 -0.022021410123191098
leaf_weight=70 35 23 996 33 910 28
leaf_count=70 35 23 996 33 910 28
internal_value=-0.000123305 -0.00432025 0.000828995 0.135846 -0.00677746 -0.190016
internal_weight=2095 2060 2009 103 1906 51
internal_count=2095 2060 2009 103 1906 51
is_linear=0
shrinkage=0.05


Tree=64
num_leaves=13
num_cat=0
split_feature=50 50 14 30 8 8 8 59 59 61 24 45
split_gain=725.989 943.886 1334.62 1288.06 1474.7 1311.98 922.109 900.599 752.552 1078.1 793.876 738.247
threshold=0.01412358788074926 -0.038277741754427545 -0.59999999999999976 0.032776335681167751 0.33609207626432186 -0.46019954606890673 -0.46019954606890673 1.0357142857142867 -8.8047619047619037 0.55932753212594755 0.25694444444444448 -0.093711229041218744
decision_type=8 10 10 10 10 10 8 10 8 10 10 10
left_child=1 3 7 5 -5 -1 -2 -3 10 -10 -8 -4
right_child=6 2 11 4 -6 -7 8 -9 9 -11 -12 -13
leaf_value=0.15131078586305702 -0.2881860042611758 0.085456906604979732 0.26436891725529799 0.13599357767030598 -0.18648529223033361 -0.080275939506480876 -0.16842676009446811 -0.26797036330681295 -0.01923948643305361 0.16280106694334084 0.095706056672576312 0.040440861574680888
leaf_weight=67 28 37 110 235 37 406 134 27 839 85 32 58
leaf_count=67 28 37 110 235 37 406 134 27 839 85 32 58
internal_value=-9.28496e-05 0.0312845 0.118204 0.00354272 0.0893721 -0.0461277 -0.0275747 -0.0715342 -0.0195491 -0.00165342 -0.115908 0.190753
internal_weight=2095 977 232 745 272 473 1118 64 1090 924 166 168
internal_count=2095 977 232 745 272 473 1118 64 1090 924 166 168
is_linear=0
shrinkage=0.05


Tree=65
num_leaves=13
num_cat=0
split_feature=18 32 55 82 24 44 63 10 91 66 16 30
split_gain=715.283 1280.71 1075.63 832.307 988.124 1097.85 918.589 1932.41 1159.68 902.29 698.943 681.691
threshold=-18.083333333333329 0.75000000000000022 0.66666666666666707 -0.11055555555555553 0.20000000000000007 1.0000000180025095e-35 0.023620620059470358 -0.011895289728872936 -1.0000000180025095e-35 -0.018382693578799562 -5.333333333333333 0.2539062151530137
decision_type=8 10 10 8 10 10 10 10 2 10 10 8
left_child=1 2 11 4 9 -6 8 -8 -5 -2 -3 -1
right_child=3 10 -4 6 5 -7 7 -9 -10 -11 -12 -13
leaf_value=0.018797484878450635 0.27267416963217461 0.30223824078286138 -0.38558253098915268 -0.078640136806202299 -0.31066403707553603 0.12725021756928542 0.16076606821121747 -0.024793511899086379 0.024138664195039711 0.051569813118950161 -0.067883711508833447 -0.24447289352354251
leaf_weight=67 77 22 36 582 24 24 223 361 511 114 21 33
leaf_count=67 77 22 36 582 24 24 223 361 511 114 21 33
internal_value=-9.46959e-05 -0.0942934 -0.168407 0.0089022 0.095193 -0.0994151 -0.00361235 0.0467406 -0.0306523 0.145643 0.132197 -0.07511
internal_weight=2095 179 136 1916 239 48 1677 584 1093 191 43 100
internal_count=2095 179 136 1916 239 48 1677 584 1093 191 43 100
is_linear=0
shrinkage=0.05


Tree=66
num_leaves=9
num_cat=0
split_feature=90 50 87 13 8 8 41 35
split_gain=692.274 685.058 1148.26 2574.38 1056.59 885.032 774.851 557.238
threshold=-2395.7999999999997 0.01412358788074926 -0.18024758869983751 -0.97555555555555529 -0.51578697748482216 -0.46019954606890673 -0.27038468042155722 0.016666666666666666
decision_type=8 8 10 10 10 8 8 8
left_child=7 2 3 -2 -4 -3 -7 -1
right_child=1 5 4 -5 -6 6 -8 -9
leaf_value=-0.31524555933691806 -0.21631002513305198 -0.2815429158974439 0.17522038344005253 0.16286717247871671 -0.02989137648433839 -0.18316993052139879 -0.0036891064893925015 0.0061835277293409621
leaf_weight=26 48 27 66 297 537 59 1012 23
leaf_count=26 48 27 66 297 537 59 1012 23
internal_value=-0.000105985 0.00452311 0.0355834 0.107633 -0.00610276 -0.0222884 -0.0144282 -0.176842
internal_weight=2095 2046 948 345 603 1098 1071 49
internal_count=2095 2046 948 345 603 1098 1071 49
is_linear=0
shrinkage=0.05


Tree=67
num_leaves=8
num_cat=0
split_feature=12 29 96 77 78 5 8
split_gain=675.501 717.939 989.621 1114.5 911.209 1237.28 1137.75
threshold=2.4083333333333337 -0.21489094942808148 73.500000000000014 -0.19424603174603169 -1.8333333333333319 -0.10184451915501129 -0.10728390724398194
decision_type=10 8 10 10 10 10 10
left_child=1 2 3 -1 6 -6 -3
right_child=-2 4 -4 -5 5 -7 -8
leaf_value=-0.11511380155402494 0.20330141671001911 -0.02423998615669596 0.3063989570125556 0.11470865022776455 0.12228679402094139 -0.068149850058938602 0.092258315130636315
leaf_weight=78 35 529 34 140 90 849 340
leaf_count=78 35 529 34 140 90 849 340
internal_value=-0.000184684 -0.00415007 0.0740384 0.0315171 -0.0152497 -0.0492931 0.0215503
internal_weight=2095 2060 252 218 1808 939 869
internal_count=2095 2060 252 218 1808 939 869
is_linear=0
shrinkage=0.05


end of trees

feature_importances:
diff_opening_spread=85
diff_off_sack_rate_std=25
diff_off_penalty_yards_std=24
diff_away_def_epa_roll3=18
diff_def_injury_impact_roll3=17
diff_off_three_and_out_rate_roll6=17
diff_fg_att_roll3=15
diff_fourth_down_success_rate_std=15
diff_nondiv_def_epa_roll6=15
diff_away_def_epa_roll6=14
diff_div_off_epa_std=14
diff_pace_roll3=13
diff_rb_weighted_epa_roll3=13
diff_rb_weighted_epa_std=13
ats_margin_avg3_away=12
diff_def_injury_impact_std=12
diff_home_off_epa_roll3=12
diff_nondiv_def_epa_roll3=12
diff_skill_injury_impact_roll3=12
travel_miles_away=12
diff_leading_off_epa_std=11
diff_off_success_rate_roll6=11
diff_off_top_seconds_std=11
diff_skill_injury_impact_roll6=11
diff_def_rz_td_rate_roll3=10
diff_def_sack_rate_std=10
diff_ko_return_avg_std=10
diff_off_rz_success_rate_std=10
diff_punt_return_avg_roll3=10
diff_win_pct=10
diff_adj_off_epa_std=9
diff_away_off_epa_roll3=9
diff_def_explosive_rush_rate_std=9
diff_div_def_epa_roll6=9
diff_home_def_epa_std=9
diff_home_off_epa_roll6=9
diff_off_sos_score_roll3=9
diff_own_fumble_recovery_rate_std_roll3=9
diff_away_off_epa_roll6=8
diff_def_penalty_yards_drawn_roll3=8
diff_def_penalty_yards_drawn_roll6=8
diff_def_rz_epa_roll6=8
diff_fg_pct_roll6=8
diff_nondiv_off_epa_roll6=8
diff_off_rz_pass_rate_std=8
diff_off_rz_td_rate_roll3=8
diff_opp_fumble_recovery_rate_std=8
diff_own_fumble_recovery_rate_std=8
diff_punt_return_avg_roll6=8
diff_trailing_def_epa_roll6=8
diff_trailing_off_epa_roll6=8
temperature_home=8
diff_adj_def_epa_std=7
diff_def_penalty_yards_roll6=7
diff_leading_def_epa_std=7
diff_off_avg_drive_plays_std=7
diff_off_cpoe_roll6=7
diff_off_success_rate_roll3=7
diff_def_explosive_rush_rate_roll3=6
diff_def_penalties_drawn_std=6
diff_def_rz_epa_roll3=6
diff_def_third_down_rate_roll3=6
diff_fourth_down_success_rate_roll3=6
diff_off_drives_per_game_roll6=6
diff_off_rz_epa_roll6=6
diff_opp_fumble_recovery_rate_std_std=6
diff_travel_miles=6
wins_home=6
diff_def_rz_pass_rate_roll6=5
diff_leading_def_epa_roll3=5
diff_off_penalty_yards_drawn_roll3=5
diff_off_third_down_rate_roll6=5
opening_total_away=5
diff_def_rz_pass_rate_roll3=4
diff_off_rush_epa_roll6=4
diff_qb_injury_impact_std=4
ats_margin_avg3_home=3
diff_def_penalties_std=3
diff_fg_pct_mid_roll3=3
diff_ko_touchback_rate_roll3=3
diff_off_penalty_yards_drawn_roll6=3
diff_qb_passing_epa_roll3=3
diff_tz_diff=3
ref_penalties_per_game_away=3
wind_speed_home=3
diff_def_rz_success_rate_roll6=2
diff_def_success_rate_roll3=2
diff_def_three_and_out_rate_roll6=2
diff_home_def_epa_roll3=2
diff_leading_def_epa_roll6=2
diff_off_epa_per_play_roll6=2
diff_off_rz_trips_roll6=2
diff_pace_roll6=2
coaching_tenure_home=1
diff_adj_def_epa_roll3=1
diff_early_down_run_rate_roll3=1
diff_fg_pct_long_roll3=1
diff_ko_return_avg_roll6=1
diff_off_drives_per_game_roll3=1

parameters:
[boosting: gbdt]
[objective: regression]
[metric: l2]
[tree_learner: serial]
[device_type: cpu]
[data_sample_strategy: bagging]
[data: ]
[valid: ]
[num_iterations: 500]
[learning_rate: 0.05]
[num_leaves: 31]
[num_threads: 16]
[seed: 42]
[deterministic: 0]
[force_col_wise: 1]
[force_row_wise: 0]
[histogram_pool_size: -1]
[max_depth: 4]
[min_data_in_leaf: 20]
[min_sum_hessian_in_leaf: 0.001]
[bagging_fraction: 0.8]
[pos_bagging_fraction: 1]
[neg_bagging_fraction: 1]
[bagging_freq: 0]
[bagging_seed: 400]
[bagging_by_query: 0]
[feature_fraction: 0.7]
[feature_fraction_bynode: 1]
[feature_fraction_seed: 30056]
[extra_trees: 0]
[extra_seed: 12879]
[early_stopping_round: 0]
[early_stopping_min_delta: 0]
[first_metric_only: 0]
[max_delta_step: 0]
[lambda_l1: 1]
[lambda_l2: 5]
[linear_lambda: 0]
[min_gain_to_split: 0]
[drop_rate: 0.1]
[max_drop: 50]
[skip_drop: 0.5]
[xgboost_dart_mode: 0]
[uniform_drop: 0]
[drop_seed: 17869]
[top_rate: 0.2]
[other_rate: 0.1]
[min_data_per_group: 100]
[max_cat_threshold: 32]
[cat_l2: 10]
[cat_smooth: 10]
[max_cat_to_onehot: 4]
[top_k: 20]
[monotone_constraints: ]
[monotone_constraints_method: basic]
[monotone_penalty: 0]
[feature_contri: ]
[forcedsplits_filename: ]
[refit_decay_rate: 0.9]
[cegb_tradeoff: 1]
[cegb_penalty_split: 0]
[cegb_penalty_feature_lazy: ]
[cegb_penalty_feature_coupled: ]
[path_smooth: 0]
[interaction_constraints: ]
[verbosity: -1]
[saved_feature_importance_type: 0]
[use_quantized_grad: 0]
[num_grad_quant_bins: 4]
[quant_train_renew_leaf: 0]
[stochastic_rounding: 1]
[linear_tree: 0]
[max_bin: 255]
[max_bin_by_feature: ]
[min_data_in_bin: 3]
[bin_construct_sample_cnt: 200000]
[data_random_seed: 175]
[is_enable_sparse: 1]
[enable_bundle: 1]
[use_missing: 1]
[zero_as_missing: 0]
[feature_pre_filter: 1]
[pre_partition: 0]
[two_round: 0]
[header: 0]
[label_column: ]
[weight_column: ]
[group_column: ]
[ignore_column: ]
[categorical_feature: ]
[forcedbins_filename: ]
[precise_float_parser: 0]
[parser_config_file: ]
[objective_seed: 16083]
[num_class: 1]
[is_unbalance: 0]
[scale_pos_weight: 1]
[sigmoid: 1]
[boost_from_average: 1]
[reg_sqrt: 0]
[alpha: 0.9]
[fair_c: 1]
[poisson_max_delta_step: 0.7]
[tweedie_variance_power: 1.5]
[lambdarank_truncation_level: 30]
[lambdarank_norm: 1]
[label_gain: ]
[lambdarank_position_bias_regularization: 0]
[eval_at: ]
[multi_error_top_k: 1]
[auc_mu_weights: ]
[num_machines: 1]
[local_listen_port: 12400]
[time_out: 120]
[machine_list_filename: ]
[machines: ]
[gpu_platform_id: -1]
[gpu_device_id: -1]
[gpu_use_dp: 0]
[num_gpu: 1]

end of parameters

pandas_categorical:[]
