tree
version=v4
num_class=1
num_tree_per_iteration=1
label_index=0
max_feature_idx=59
objective=regression
feature_names=ats_margin_avg3_away diff_adj_def_epa_std diff_adj_off_epa_std diff_away_def_epa_roll6 diff_away_def_epa_std diff_away_off_epa_roll3 diff_away_off_epa_roll6 diff_def_explosive_rush_rate_roll3 diff_def_explosive_rush_rate_roll6 diff_def_injury_impact_std diff_def_penalties_std diff_def_penalty_yards_drawn_roll6 diff_def_penalty_yards_std diff_def_rz_epa_roll3 diff_def_rz_epa_roll6 diff_def_rz_pass_rate_std diff_def_sack_rate_roll3 diff_def_sack_rate_roll6 diff_def_success_rate_roll3 diff_def_success_rate_roll6 diff_def_three_and_out_rate_std diff_div_def_epa_roll3 diff_div_def_epa_roll6 diff_fourth_down_success_rate_roll6 diff_fourth_down_success_rate_std diff_home_def_epa_std diff_ko_return_avg_std diff_ko_touchback_rate_std diff_leading_def_epa_std diff_leading_off_epa_roll3 diff_leading_off_epa_roll6 diff_leading_off_epa_std diff_nondiv_def_epa_roll3 diff_nondiv_def_epa_roll6 diff_nondiv_off_epa_roll3 diff_off_cpoe_roll6 diff_off_explosive_pass_rate_roll3 diff_off_penalty_yards_drawn_roll3 diff_off_penalty_yards_std diff_off_rz_epa_roll3 diff_off_rz_success_rate_std diff_off_sack_rate_roll3 diff_off_sack_rate_roll6 diff_off_success_rate_roll3 diff_off_success_rate_roll6 diff_off_three_and_out_rate_roll6 diff_opening_spread diff_opp_fumble_recovery_rate_std_roll6 diff_own_fumble_recovery_rate_std_std diff_pace_roll3 diff_punt_return_avg_roll3 diff_rb_weighted_epa_roll3 diff_rb_weighted_epa_std diff_skill_injury_impact_roll3 diff_skill_injury_impact_roll6 diff_trailing_off_epa_roll6 opening_total_away ref_penalties_per_game_away travel_miles_away wins_home
feature_infos=[-38:39] [-0.71541596949100494:0.88652980327606201] [-0.89615999162197113:0.75189545750617981] [-0.76172319302956271:0.81195994466543198] [-0.76172319302956271:0.81195994466543198] [-0.95676788687705994:0.98236359283328056] [-0.73939523100852966:0.84628571569919586] [-0.2424242424242424:0.23763515067862895] [-0.2424242424242424:0.20042417815482502] [-4.1500000000000004:3] [-5:7] [-69:77] [-94:80] [-2.8487167047957578:2.7074642988542714] [-2.2391043901443481:2.4243320624033609] [-0.8333333283662796:0.90909093618392944] [-0.16011972352862358:0.1666666716337204] [-0.14705882966518402:0.1666666716337204] [-0.24968472123146057:0.30359803140163422] [-0.24968472123146057:0.30359803140163422] [-0.46153846153846156:0.40909090909090906] [-0.77946552634239197:0.84154427051544189] [-0.86481103301048279:0.78134894371032715] [-1:1] [-1:1] [-0.80247220396995544:0.88652980327606201] [-48.5:47.125] [-1:1] [-5.3859257698059082:5.3745922148227692] [-8.9221019198497142:8.8304748088121414] [-8.3892935514450073:5.439639899879694] [-4.8015694357454777:5.439639899879694] [-0.73443540185689926:0.88652980327606201] [-0.65543012320995331:0.88652980327606201] [-0.74516201019287109:0.97462587058544159] [-30.688534736633301:38.514461517333984] [-0.18837018837018837:0.2857142857142857] [-77:94] [-75:50] [-3.2184919714927673:2.6077703610062599] [-0.73333331942558289:0.84615384042263031] [-0.1803727789471547:0.16151407609383264] [-0.16287340596318245:0.14610389992594719] [-0.38152013719081879:0.27322402596473694] [-0.38152013719081879:0.27322402596473694] [-0.4116161616161616:0.57575757575757569] [-33:43] [-1:1] [-1:1] [-34:32] [-26.999999523162842:45.416667938232422] [-8.528332817309348:10.559087289124728] [-7.6779916545954237:10.559087289124728] [-2.9489422087868058:2.8925925925374032] [-2.4974933153018357:2.3574074074074076] [-2.5981578990817069:2.2618493437767029] [10.5:63.5] [4:26] [0:5266.8000000000002] [0:14]
tree_sizes=1370 1504 1346 1423 1405 1513 1411 1256 1353 1513 1404 1424 1425 1267 1436 1189 1433 1438 1528 841 1432 1345 1259 1263 1172 1353 1357 1184 1260 1273 1435

Tree=0
num_leaves=15
num_cat=0
split_feature=56 56 48 7 11 22 32 9 23 49 56 47 46 22
split_gain=21960.3 5200.32 2222.81 2158.82 1949.51 2011.75 1779.21 2358.12 1741.43 1724.81 1687.41 1221.93 1168.81 215.45
threshold=47.750000000000007 42.250000000000007 0.34464969636844639 -0.06129564617134009 -0.33333333333333032 0.070923289672161161 -0.036573083605617278 -0.26961538461538465 -0.4438888907432556 1.8333333333333324 46.250000000000007 0.068767636684303343 4.5000000000000009 0.16355157313713187
decision_type=10 8 10 8 10 8 10 10 8 10 8 10 10 8
left_child=1 2 8 9 11 -6 7 -3 -1 12 -8 -5 -2 -4
right_child=3 6 13 4 5 -7 10 -9 -10 -11 -12 -13 -14 -15
leaf_value=45.618195944950266 45.423133071199942 45.41608651888496 44.829860293152677 45.75090534952222 46.042857211268391 45.735865381120156 45.317151893285597 45.614911333038634 45.258511283793908 45.239546536045637 45.508174879727605 45.494232660905844 45.857348246072242 45.20181383476109
leaf_weight=34 24 309 29 194 119 120 329 279 340 30 175 61 32 20
leaf_count=34 24 309 29 194 119 120 329 279 340 30 175 61 32 20
internal_value=45.4936 45.3934 45.2456 45.7539 45.7938 45.897 45.4515 45.5106 45.2926 45.5202 45.3831 45.6909 45.6799 44.9397
internal_weight=2095 1515 423 580 494 239 1092 588 374 86 504 255 56 49
internal_count=2095 1515 423 580 494 239 1092 588 374 86 504 255 56 49
is_linear=0
shrinkage=1


Tree=1
num_leaves=16
num_cat=0
split_feature=46 33 25 11 37 58 35 48 23 42 48 40 39 14 6
split_gain=2856.6 2347.85 2279.15 2128.98 2622.1 1821.51 2845.7 1769.62 1673.14 1466.82 2282.55 1420.95 1417.42 1364.71 1283.32
threshold=5.5000000000000009 0.11688532799113698 0.07455849921929518 7.1000000000000005 17.083333333333339 1029.2000000000003 -4.3536207228898993 -0.022045454545454531 -0.11111111442248027 0.015905975053707763 -0.12360862902529561 0.12669558419535562 0.2467254921793938 0.34511501668021088 0.24001805041916671
decision_type=10 10 10 10 10 10 8 8 10 10 8 8 10 10 10
left_child=1 2 7 4 -3 9 8 -1 -7 14 -11 -4 -5 -8 -2
right_child=5 3 11 12 -6 6 13 -9 -10 10 -12 -13 -14 -15 -16
leaf_value=0.059141468994536456 -0.062310003538622233 -0.33722066823497165 0.18983161593184752 0.17295113823941499 0.12563510185632951 0.12935506426371063 0.046829705549363831 -0.12163694122590912 0.76132255779313196 -0.18800521778899271 0.27399533641280482 -0.18745314632852872 -0.27440710735321044 0.33029926211810579 0.13999960052339655
leaf_weight=201 444 174 165 56 34 21 273 393 23 32 98 25 20 46 90
leaf_count=201 444 174 165 56 34 21 273 393 23 32 98 25 20 46 90
internal_value=0 -0.0571328 -0.0120793 -0.178972 -0.260154 0.0593821 0.148625 -0.0603979 0.504699 0.00977294 0.157151 0.136399 0.0449363 0.0923269 -0.0271377
internal_weight=2095 1068 784 284 208 1027 363 594 44 664 130 190 76 319 534
internal_count=2095 1068 784 284 208 1027 363 594 44 664 130 190 76 319 534
is_linear=0
shrinkage=0.05


Tree=2
num_leaves=14
num_cat=0
split_feature=56 56 33 2 54 24 56 21 46 28 8 2 20
split_gain=19631.1 4722.03 2506.49 2910.1 2880.87 2383.96 1965.31 1722.16 1947.39 1636.89 1705.55 1171.04 968.229
threshold=47.750000000000007 42.250000000000007 0.11688532799113698 -0.047611347809877413 -0.49922972863978948 -0.48124999900658921 51.250000000000007 -0.26529561355710024 17.500000000000004 0.083539013314293711 -0.047269704644724547 0.0074825326983745302 -0.03044252044252042
decision_type=10 8 10 10 10 8 10 8 10 10 8 8 10
left_child=1 5 3 -3 -4 -1 7 -2 -9 10 -8 -7 -11
right_child=6 2 4 -5 -6 11 9 8 -10 12 -12 -13 -14
leaf_value=0.22264237105846407 0.47832133533610471 -0.10573007842494969 0.09866931149342531 0.080881321906802139 -0.279556666185727 -0.34981163852456687 0.055631385281168177 0.17354319577578639 -0.2045011579990387 0.35175494284465397 0.52971271790506302 -0.17040613464680798 -0.029439751165253776
leaf_weight=23 37 357 66 489 180 202 24 300 34 24 124 198 37
leaf_count=23 37 357 66 489 180 202 24 300 34 24 124 198 37
internal_value=9.73593e-05 -0.0946058 -0.0391808 0.00191667 -0.177938 -0.235443 0.246248 0.172991 0.132464 0.368975 0.457492 -0.26433 0.135067
internal_weight=2095 1515 1092 846 246 423 580 371 334 209 148 400 61
internal_count=2095 1515 1092 846 246 423 580 371 334 209 148 400 61
is_linear=0
shrinkage=0.05


Tree=3
num_leaves=15
num_cat=0
split_feature=56 56 33 2 48 56 41 59 21 46 40 26 2 47
split_gain=17790.5 4267.36 2266.42 2629.75 2082.5 1788.43 1592.34 1785.33 1582.1 1772.25 1385.38 1342.02 619.606 185.147
threshold=47.750000000000007 42.250000000000007 0.11688532799113698 -0.047611347809877413 0.34464969636844639 51.250000000000007 -0.024454436264932156 3.5000000000000004 -0.26529561355710024 17.500000000000004 -0.11729110702872272 -9.0041666030883771 -0.035580830271577539 0.16182208994708999
decision_type=10 8 10 10 10 10 10 2 8 10 8 10 10 10
left_child=1 4 3 -3 10 8 12 -8 -2 -10 -1 -4 -7 -6
right_child=5 2 11 -5 13 6 7 -9 9 -11 -12 -13 -14 -15
leaf_value=0.042162844733822917 0.45725242000605376 -0.1005165924127754 0.12207329322894414 0.076878186095098736 -0.32683594761525886 0.29781744636987389 0.39592586548684483 0.033208759720711148 0.16500829002285591 -0.19558700154989195 -0.21941356361028377 -0.21325772977137769 0.67457620807639929 -0.67469882309436802
leaf_weight=58 37 357 31 489 29 33 72 63 300 34 316 215 41 20
leaf_count=58 37 357 31 489 29 33 72 63 300 34 316 215 41 20
internal_value=0.000195077 -0.0899583 -0.0372664 0.0018106 -0.223844 0.234524 0.351598 0.234246 0.164639 0.12581 -0.178695 -0.169211 0.536678 -0.519072
internal_weight=2095 1515 1092 846 423 580 209 135 371 334 374 246 74 49
internal_count=2095 1515 1092 846 423 580 209 135 371 334 374 246 74 49
is_linear=0
shrinkage=0.05


Tree=4
num_leaves=15
num_cat=0
split_feature=56 56 21 11 48 33 54 23 0 23 26 28 18 47
split_gain=16223.2 3471.23 2383.44 2084.66 1934.73 1885.98 2778.92 2139.84 1792.01 1463.02 1028.28 743.939 338.827 174.181
threshold=47.250000000000007 42.250000000000007 -0.19691835716366765 -1.4166666666666676 0.34464969636844639 0.11688532799113698 -0.49922972863978948 0.58333332886298506 1.9166666666666667 -0.4438888907432556 -9.224747484380547 0.11566758854314686 -0.043207714955011987 0.16182208994708999
decision_type=10 8 8 8 10 10 10 10 10 8 10 10 10 10
left_child=1 4 11 10 9 7 -7 -3 -5 -1 -4 12 -2 -6
right_child=2 5 3 8 13 6 -8 -9 -10 -11 -12 -13 -14 -15
leaf_value=0.12742738540355977 0.67094933280819347 -0.024422218834360441 0.34093066596984867 0.32044845982591103 -0.31289736348039965 0.11093432905481143 -0.26861827823502776 0.35089383870363239 0.08770467621806477 -0.20116145096206361 0 0.1649621458458049 0.29231716777597155 -0.64771087741851807
leaf_weight=34 33 745 20 234 29 63 171 35 135 340 190 23 23 20
leaf_count=34 33 745 20 234 29 63 171 35 135 340 190 23 23 20
internal_value=0.000251345 -0.0938464 0.204984 0.166874 -0.213347 -0.0431444 -0.166039 -0.0053897 0.237743 -0.169871 0.0394819 0.457142 0.552966 -0.497802
internal_weight=2095 1437 658 579 423 1014 234 780 369 374 210 79 56 49
internal_count=2095 1437 658 579 423 1014 234 780 369 374 210 79 56 49
is_linear=0
shrinkage=0.05


Tree=5
num_leaves=16
num_cat=0
split_feature=46 32 3 47 15 58 22 14 21 45 46 31 21 36 46
split_gain=2456.1 2024.37 2272.25 1782.05 1797.17 1570.5 2176.12 2413.26 1949.72 1625.37 1557.1 1212.93 1207.18 1113.85 826.24
threshold=5.5000000000000009 -0.083731191543241323 -0.12612182383115092 0.58534752284752301 0.014901082497090103 1029.2000000000003 0.096148446202278151 0.14862455675999328 0.16460891254246238 -0.11689814814814814 -2.4999999999999996 0.010882363463881335 0.11039958056062461 0.018391914713981938 17.500000000000004
decision_type=8 10 10 8 10 10 10 10 10 8 10 8 10 8 8
left_child=1 3 11 4 -1 8 7 -7 9 -2 -4 -3 -8 -5 -10
right_child=5 2 10 13 -6 6 12 -9 14 -11 -12 -13 -14 -15 -16
leaf_value=0.0085179256127892646 -0.20696771974481717 -0.079849762089398452 -0.10441959835911935 -0.29389659196138379 0.30423662351621761 0.093924906548218209 -0.28117218295733137 0.39043336426909792 0.36770540208232649 0.0099990879891045173 -0.30841534129999304 0.2692385176698176 0.079645210808637193 -0.0036649151741025539 0.017757433839142325
leaf_weight=134 96 44 341 45 79 242 40 94 44 589 130 47 44 99 27
leaf_count=134 96 44 341 45 79 242 40 94 44 589 130 47 44 99 27
internal_value=0.000361973 -0.0606749 -0.119449 0.0320826 0.122889 0.0481573 0.125064 0.181532 0.0048246 -0.0216149 -0.163477 0.10456 -0.0977543 -0.101517 0.245208
internal_weight=2095 919 562 357 213 1176 420 336 756 685 471 91 84 144 71
internal_count=2095 919 562 357 213 1176 420 336 756 685 471 91 84 144 71
is_linear=0
shrinkage=0.05


Tree=6
num_leaves=15
num_cat=0
split_feature=46 10 58 23 58 33 35 6 14 2 45 7 46 13
split_gain=2223.72 1522.23 2368.79 1805.4 1501.04 1733.97 1750.77 1672.92 1257.15 2659.32 1553.1 1170.32 1109.66 451.778
threshold=5.5000000000000009 0.94722222222222252 767.6500000000002 0.37499999875823664 220.95000000000002 0.11963682272471489 0.080311564107736114 0.1032063737511635 0.14862455675999328 -0.072800347022712222 -0.11689814814814814 -0.024351250744439609 -9.4999999999999982 -0.066467334361126007
decision_type=8 10 10 10 8 8 10 8 10 10 8 10 10 10
left_child=4 8 11 -4 12 6 -6 -7 10 -10 -2 -3 -1 -14
right_child=1 2 3 -5 5 7 -8 -9 9 -11 -12 -13 13 -15
leaf_value=0 -0.1999804720580578 0.1976166704216519 0.40745880281187824 -0.084470513806893285 -0.040930667378265284 -0.22179516833372068 0.15933693203161348 -0.0027351084814378709 -0.21600504164342529 0.17205320454362141 0.013106463700532915 -0.15884506817235322 -0.15523007726669313 -0.51958545645078025
leaf_weight=26 95 32 92 21 343 188 154 160 49 246 585 56 20 28
leaf_count=26 95 32 92 21 343 188 154 160 49 246 585 56 20 28
internal_value=0.000376382 0.0458555 0.169415 0.315909 -0.0577002 -0.0379024 0.0219934 -0.122685 0.0195978 0.104904 -0.0178325 -0.0250294 -0.266429 -0.397681
internal_weight=2095 1176 201 113 919 845 497 348 975 295 680 88 74 48
internal_count=2095 1176 201 113 919 845 497 348 975 295 680 88 74 48
is_linear=0
shrinkage=0.05


Tree=7
num_leaves=13
num_cat=0
split_feature=56 56 24 6 43 33 56 9 28 21 46 5
split_gain=14431.7 3412.97 2039.67 1750.47 1911.31 1755.21 1677.62 1679.19 1371.52 1336.92 1587.06 1047.43
threshold=47.750000000000007 42.250000000000007 -0.48124999900658921 0.25900275912135845 0.094191044569015517 0.11688532799113698 51.250000000000007 0.93964285714285734 0.083539013314293711 -0.26529561355710024 17.500000000000004 0.38911545649170881
decision_type=10 8 8 10 10 10 10 10 10 8 10 10
left_child=1 2 -1 5 -5 -3 9 8 -8 -2 -11 -4
right_child=6 3 11 4 -6 -7 7 -9 -10 10 -12 -13
leaf_value=0.22144801169633865 0.41270767018376359 -0.018115953126574814 -0.24653783514465127 0.3201022635487949 -0.10448702046440708 -0.17663876236404091 0.45589036860636301 -0.056977690088337862 0.1317847912419926 0.14567572345865554 -0.19507489410730511 0.095670807132354152
leaf_weight=23 37 767 379 63 40 222 135 24 50 300 34 21
leaf_count=23 37 767 379 63 40 222 135 24 50 300 34 21
internal_value=0.000274923 -0.0809211 -0.20066 -0.0337899 0.157547 -0.0544593 0.211329 0.324395 0.374331 0.144034 0.108475 -0.227489
internal_weight=2095 1515 423 1092 103 989 580 209 185 371 334 400
internal_count=2095 1515 423 1092 103 989 580 209 185 371 334 400
is_linear=0
shrinkage=0.05


Tree=8
num_leaves=14
num_cat=0
split_feature=21 22 55 34 5 24 2 31 30 40 4 40 34
split_gain=2001.41 2528.77 2107.64 3072.58 2043.33 1609.27 1586.9 1812.47 1388.1 1342.67 1272.03 997.731 641.338
threshold=-0.19691835716366765 -0.062123425770550959 0.031295625027269132 0.0018963112185398682 -0.062654355540871606 -0.41666666542490322 0.0054954877123236674 -0.11324702991017449 0.54250613122712832 -0.066712889820337282 -0.060818954079877578 0.02629652175713668 -0.023228967251876984
decision_type=8 8 10 10 8 8 10 8 10 10 8 10 8
left_child=6 5 4 -4 -3 -2 10 -8 -7 -9 11 -1 -12
right_child=1 2 3 -5 -6 8 7 9 -10 -11 12 -13 -14
leaf_value=0.3142790619283915 0.15809067337011751 -0.13271867346313851 0.24441528186565492 -0.0024475114797087236 0.020705860612134329 -0.19490349897157366 -0.031927768848836427 0.68589042765753616 0.16141875886148024 0.22418078943606345 -0.28830310726487957 -0.092400498917469612 0.032129170944293343
leaf_weight=35 39 323 200 326 637 316 35 23 26 57 32 21 25
leaf_count=35 39 323 200 326 637 316 35 23 26 57 32 21 25
internal_value=0.000378491 -0.0167989 0.0127474 0.0927401 -0.0312835 -0.13084 0.138594 0.265225 -0.165735 0.390049 0.00352042 0.165881 -0.155699
internal_weight=2095 1867 1486 526 960 381 228 115 342 80 113 56 57
internal_count=2095 1867 1486 526 960 381 228 115 342 80 113 56 57
is_linear=0
shrinkage=0.05


Tree=9
num_leaves=16
num_cat=0
split_feature=56 56 7 48 11 18 49 7 38 52 12 2 54 48 22
split_gain=12999.4 2737.31 2066.94 1748.88 1735.99 1997.32 1638.25 1451.87 1515.51 1451.6 1318.75 1143.71 993.308 937.321 262.481
threshold=47.250000000000007 42.250000000000007 -0.034058980973687501 0.34464969636844639 -0.33333333333333032 0.045179322361946113 1.3333333333333324 -0.060685648415911543 -4.5750000000000002 -1.2039808876943268 9.8452380952380949 0.058286593510554395 0.08672254194342903 0.069852607709750561 0.16355157313713187
decision_type=10 8 8 10 10 10 10 8 10 8 10 10 10 10 8
left_child=1 3 6 10 11 -6 13 8 -3 -9 -1 -4 -8 -2 -5
right_child=2 7 4 14 5 -7 12 9 -10 -11 -12 -13 -14 -15 -16
leaf_value=-0.19173009637713481 0.24982831438930778 -0.11771280683998793 0.19486932411789895 -0.56395136398427625 0.42688549333004028 0.091184786068541676 -0.0077340883367201865 -0.18536573667176731 0.21262552758248954 -0.028948992371943351 0.050347951495311627 -0.059670971667972111 -0.39180064521454 -0.065829747377170456 -0.22396543240547181
leaf_weight=308 72 48 205 29 164 65 46 186 99 681 66 53 22 31 20
leaf_count=308 72 48 205 29 164 65 46 186 99 681 66 53 22 31 20
internal_value=0.00049152 -0.0837378 0.183759 -0.189861 0.23585 0.335797 0.0326355 -0.0387042 0.104107 -0.0634333 -0.148778 0.14225 -0.151001 0.155712 -0.459694
internal_weight=2095 1437 658 423 487 229 171 1014 147 867 374 258 68 103 49
internal_count=2095 1437 658 423 487 229 171 1014 147 867 374 258 68 103 49
is_linear=0
shrinkage=0.05


Tree=10
num_leaves=15
num_cat=0
split_feature=56 56 7 35 25 24 2 32 58 1 22 40 41 57
split_gain=11836.4 2858.14 1688.48 1638.2 1612.61 1532.32 1451.04 2100.2 1443.39 1324.67 1297.74 1211.25 1066.66 1043.94
threshold=47.750000000000007 43.750000000000007 -0.06129564617134009 -2.538860609134038 0.24631393332466753 0.29181547995124552 -0.047611347809877413 -0.3022896822464341 2176.8500000000008 0.038493226779003943 -0.32366361841559405 -0.10306511845153112 -0.03337241771320501 12.964285714285717
decision_type=10 8 8 8 10 10 10 10 8 10 10 8 8 10
left_child=1 3 10 11 -5 8 12 -8 -4 -7 -2 -1 -3 -12
right_child=2 6 5 4 -6 9 7 -9 -10 -11 13 -13 -14 -15
leaf_value=-0.047103116993199697 0.24221549878517787 -0.32246930496560205 0.2977036926465923 -0.12362793420369809 0.2271962225023243 -0.10235679679446751 0.27663884025353652 -0.0035933718398371908 0 0.31626360416412358 -0.30141361109912396 -0.33535089363569615 -0.059220653974090126 0.10298198631831579
leaf_weight=50 28 40 368 398 31 58 73 465 46 22 35 156 302 23
leaf_count=50 28 40 368 398 31 58 73 465 46 22 35 156 302 23
internal_value=0.000388258 -0.0731435 0.191527 -0.153555 -0.0958364 0.2268 -0.0145231 0.0365358 0.265114 0.0240075 -0.0118674 -0.268399 -0.0943569 -0.14481
internal_weight=2095 1515 580 635 429 494 880 538 414 80 86 206 342 58
internal_count=2095 1515 580 635 429 494 880 538 414 80 86 206 342 58
is_linear=0
shrinkage=0.05


Tree=11
num_leaves=15
num_cat=0
split_feature=56 56 3 6 43 7 8 56 43 46 3 22 22 43
split_gain=10709 2659.14 1959.93 1682.38 1643.76 1525.24 1472.1 1471.14 1566.9 1317.37 1277.66 1249.73 905.443 758.183
threshold=47.750000000000007 39.250000000000007 0.066942028002813472 0.26563870883546775 0.094191044569015517 -0.06129564617134009 0.047067770284824548 51.250000000000007 0.034712821245193488 5.5000000000000009 -0.04323441550756494 0.14828291884623471 -0.17319319940482572 -0.0084520032008488771
decision_type=10 8 8 10 10 8 10 10 8 10 10 8 10 10
left_child=1 2 12 6 -5 9 -3 8 -7 -2 -9 -4 -1 -11
right_child=5 3 11 4 -6 7 -8 10 -10 13 -12 -13 -14 -15
leaf_value=-0.1207347959280014 -0.22104551469286285 -0.043296284911930882 -0.27893129498339614 0.27131657920711277 -0.089331495060839441 0.23171880193799735 -0.19787915797379302 0.44969217837426489 0.0020659345472531935 -0.073811464630067353 0.16754389555546745 0.18458072981148055 -0.51464929932897741 0.29762363258530117
leaf_weight=24 37 1083 21 72 50 195 176 98 119 20 82 28 61 29
leaf_count=24 37 1083 21 72 50 195 176 98 119 20 82 28 61 29
internal_value=0.000386191 -0.069555 -0.278268 -0.0483365 0.125418 0.182196 -0.0656428 0.215721 0.146238 -0.0110988 0.32943 -0.020575 -0.416868 0.152295
internal_weight=2095 1515 134 1381 122 580 1259 494 314 86 180 49 85 49
internal_count=2095 1515 134 1381 122 580 1259 494 314 86 180 49 85 49
is_linear=0
shrinkage=0.05


Tree=12
num_leaves=15
num_cat=0
split_feature=56 56 3 56 8 24 0 9 32 46 45 22 1 27
split_gain=9737.33 2288.37 1781.19 1688.96 1493.61 1551.16 1450.13 1429.62 1365.28 1421.97 1291.74 1148.9 1103.51 874.235
threshold=47.250000000000007 39.250000000000007 0.066942028002813472 51.250000000000007 0.047067770284824548 0.1912499986588955 8.4166666666666696 0.93964285714285734 -0.12988428041959801 20.500000000000004 -0.059490509490509526 0.14828291884623471 -0.1132223872700706 0.10030895691609977
decision_type=10 8 8 10 10 10 10 10 8 10 8 8 8 10
left_child=1 2 13 8 6 -6 -3 10 9 -2 -5 -4 -10 -1
right_child=3 4 11 7 5 -7 -8 -9 12 -11 -12 -13 -14 -15
leaf_value=-0.48494381507237749 0.32522725447546691 -0.049470740907198128 -0.26766675696350062 0.05573652501810681 -0.25288897544583855 0.090063403157347996 0.12993624699045356 -0.072969716170738483 0.35616705098913776 -0.11207205137610438 0.38814112005249557 0.17675003504211254 0.022168499493548405 -0.088172213618571943
leaf_weight=64 95 994 21 39 148 39 122 24 22 20 146 28 312 21
leaf_count=64 95 994 21 39 148 39 122 24 22 20 146 28 312 21
internal_value=0.000372223 -0.0725234 -0.265685 0.15899 -0.0516809 -0.180621 -0.0293215 0.275447 0.102235 0.247258 0.321641 -0.0199368 0.0492446 -0.397818
internal_weight=2095 1437 134 658 1303 187 1116 209 449 115 185 49 334 85
internal_count=2095 1437 134 658 1303 187 1116 209 449 115 185 49 334 85
is_linear=0
shrinkage=0.05


Tree=13
num_leaves=13
num_cat=0
split_feature=21 22 55 34 29 5 32 24 40 43 22 55
split_gain=1730.37 2157.55 1827.14 2674.5 1760 1749.96 1618.85 1596.61 1483.09 1696.97 899.528 425.89
threshold=-0.19691835716366765 -0.062123425770550959 0.031295625027269132 0.0018963112185398682 0.36310423196603864 -0.062654355540871606 0.14936000170807048 -0.42414021277948022 -0.089054175781515935 -0.010694712400436372 -0.27027298603206867 0.18311380445957187
decision_type=8 8 10 10 10 8 8 8 10 10 10 10
left_child=6 4 5 -4 7 -3 8 -2 -1 -10 -8 -6
right_child=1 2 3 -5 11 -7 10 -9 9 -11 -12 -13
leaf_value=0.45676605836596607 0.15123447002591314 -0.12316655647151582 0.22768992789543985 -0.0026121756794167477 0.22205362668851528 0.018815124978679827 0.082635136047999075 -0.20214053696183953 -0.060009470388293268 0.27617181156362808 -0.31612468490909257 -0.047636574506759649
leaf_weight=38 32 323 200 326 36 637 25 293 70 72 23 20
leaf_count=38 32 323 200 326 36 637 25 293 70 72 23 20
internal_value=0.000379327 -0.015591 0.0116985 0.0861804 -0.12093 -0.0292946 0.128897 -0.165431 0.196786 0.113704 -0.119291 0.128906
internal_weight=2095 1867 1486 526 381 960 228 325 180 142 48 56
internal_count=2095 1867 1486 526 381 960 228 325 180 142 48 56
is_linear=0
shrinkage=0.05


Tree=14
num_leaves=15
num_cat=0
split_feature=46 43 48 25 55 17 21 30 21 20 16 6 23 48
split_gain=1795.98 1356.12 1827.82 2118.18 2037.37 1697.72 1347.66 1610.88 1544.93 1891.27 1661.53 1249.34 902.833 768.406
threshold=5.5000000000000009 0.010791415969530762 -0.022045454545454531 0.14934394291291639 -0.26422595597493143 0.033401424841334425 0.15755655430257323 0.16849826571997259 -0.19691835716366765 0.020548874526147235 0.068205393540362536 0.13268223218619826 0.21944444676240288 -0.016997354497354396
decision_type=8 10 8 10 8 10 10 10 8 10 10 8 8 10
left_child=1 2 4 -4 -1 11 8 12 9 -2 -10 -3 -8 -9
right_child=6 5 3 -5 -6 -7 7 13 10 -11 -12 -13 -14 -15
leaf_value=0.29268311489238802 -0.032255720229793901 -0.28641436262350911 -0.13648816859831328 0.124161146381999 -0.0065830218539580853 0.20098498125871023 -0.084565945890433383 0.14626481709656891 0.012147335377171895 0.31191819934274562 -0.306281308933746 -0.011338899847032735 0.24897538586096332 0.58859492486407017
leaf_weight=78 68 139 343 96 179 25 48 22 860 88 38 59 28 24
leaf_count=78 68 139 343 96 179 25 48 22 860 88 38 59 28 24
internal_value=0.000441751 -0.0517489 -0.0168704 -0.0786207 0.0879062 -0.157631 0.0413156 0.195296 0.0226072 0.165241 -0.0028933 -0.206992 0.0454839 0.413106
internal_weight=2095 919 696 439 257 223 1176 122 1054 156 898 198 76 46
internal_count=2095 919 696 439 257 223 1176 122 1054 156 898 198 76 46
is_linear=0
shrinkage=0.05


Tree=15
num_leaves=12
num_cat=0
split_feature=14 45 21 22 1 2 55 31 28 5 24
split_gain=1551.15 2246.9 1528.34 2285.66 1830.34 1612.35 1363.88 1339.52 1047.08 679.055 207.471
threshold=0.74160099029541027 -0.052804487179487151 -0.19691835716366765 -0.062123425770550959 -0.0014019714934485302 0.0054954877123236674 0.031295625027269132 -0.11324702991017449 -0.14004286041017619 -0.073073697276413427 -0.33333333134651172
decision_type=10 10 8 8 10 10 10 8 8 10 10
left_child=2 -2 5 4 -4 8 -5 -7 -1 10 -3
right_child=1 9 3 6 -6 7 -8 -9 -10 -11 -12
leaf_value=0.1948906297254008 0.15684264609307955 -0.25096561886646129 -0.2090031598139247 -0.012944278590036896 0.011874770062665145 -0.0083507805257230193 0.089351432055682245 0.36964909953166208 -0.11240065776002713 -0.089105712034954487 -0.59310552382469184
leaf_weight=38 28 22 213 904 163 32 503 78 73 21 20
leaf_count=38 28 22 213 904 163 32 503 78 73 21 20
internal_value=0.000546068 -0.195778 0.00995092 -0.0055333 -0.11422 0.132455 0.0237777 0.263669 -0.00290478 -0.353242 -0.460717
internal_weight=2095 91 2004 1783 376 221 1407 110 111 63 42
internal_count=2095 91 2004 1783 376 221 1407 110 111 63 42
is_linear=0
shrinkage=0.05


Tree=16
num_leaves=15
num_cat=0
split_feature=46 32 25 4 16 58 58 58 34 16 21 22 34 52
split_gain=1560.49 1346.69 2471.09 2204.17 1584.59 1320.17 1314.37 1668.65 1615.78 1599.31 1678.65 1648.54 951.576 571.018
threshold=5.5000000000000009 -0.083731191543241323 0.1470332050851236 -0.16517749301468329 -0.073034995701163993 2216.6000000000004 1849.7500000000002 2300.1000000000008 -0.028262951411306855 -0.0068658028418819078 -0.16646317858248946 0.30662854574620729 0.015384809424479806 0.30064353370346319
decision_type=8 10 10 8 10 8 10 10 8 8 8 10 8 8
left_child=1 2 5 -3 -5 -1 9 8 -8 11 -11 -2 -4 -9
right_child=6 3 12 4 -6 -7 7 13 -10 10 -12 -13 -14 -15
leaf_value=0.015893399642480838 0.065429782449497417 0.30914352321997285 0.57170063692789819 0.24394110461761215 -0.13870691481847749 -0.29079234898090361 -0.050065805891464504 0.13099689886850471 0.40852011991785719 0.14810137599016782 -0.068120766875874011 0.44795749312446964 0.084155419051647196 -0.14323017011548198
leaf_weight=281 356 27 21 24 511 35 24 29 72 103 528 26 20 38
leaf_count=281 356 27 21 24 511 35 24 29 72 103 528 26 20 38
internal_value=0.000461233 -0.0481861 0.0274362 -0.0961303 -0.119349 -0.0219196 0.0385627 0.16815 0.296576 0.0169385 -0.0318607 0.0970461 0.369959 -0.0229861
internal_weight=2095 919 357 562 535 316 1176 163 96 1013 631 382 41 67
internal_count=2095 919 357 562 535 316 1176 163 96 1013 631 382 41 67
is_linear=0
shrinkage=0.05


Tree=17
num_leaves=15
num_cat=0
split_feature=56 56 7 11 0 56 7 48 58 55 49 27 47 43
split_gain=8633.23 2314.72 1350.12 1366.35 1318.79 1279.43 1484.47 1224.1 1223.92 1530.4 1215.68 1059.2 938.932 930.708
threshold=47.750000000000007 45.250000000000007 -0.06129564617134009 -0.33333333333333032 6.2500000000000009 37.250000000000007 -0.0018200635586137907 0.27358559732815696 630.90000000000009 0.19501574058085683 1.8333333333333324 0.0057681405895692048 0.068767636684303343 -0.0084520032008488771
decision_type=10 8 8 10 10 10 10 8 10 10 10 10 10 10
left_child=1 5 10 12 -5 6 -1 -7 9 -3 13 -10 -4 -2
right_child=2 8 3 4 -6 7 -8 -9 11 -11 -12 -13 -14 -15
leaf_value=-0.00078930604457855226 -0.092322292707620129 -0.13884994711013551 0.16411709307912906 0.34388479176987574 0.058421159933010738 -0.049773506304559054 -0.54349542055811206 -0.17253841027481165 0.14748330564030165 0.16839916456777315 -0.25206265645367759 -0.024008124168778275 -0.055805521526119929 0.28815118355410441
leaf_weight=20 26 183 194 184 55 554 30 323 201 47 30 157 61 30
leaf_count=20 26 183 194 184 55 554 30 323 201 47 30 157 61 30
internal_value=0.000649471 -0.0621466 0.163892 0.195442 0.280941 -0.111167 -0.347129 -0.0957664 0.0153376 -0.0736044 -0.0175702 0.0728436 0.111254 0.117595
internal_weight=2095 1515 580 494 239 927 50 877 588 230 86 358 255 56
internal_count=2095 1515 580 494 239 927 50 877 588 230 86 358 255 56
is_linear=0
shrinkage=0.05


Tree=18
num_leaves=16
num_cat=0
split_feature=56 56 48 24 54 19 30 56 41 59 26 47 47 35 50
split_gain=7813.28 2134.74 1519.14 1629.98 1391.37 1580.18 1459.82 1273.31 1310.44 1405.8 1009.94 1669.91 1030.47 822.238 518.038
threshold=47.750000000000007 43.750000000000007 0.34464969636844639 -0.39999999616827281 0.074450417207471906 0.018503896892070774 0.10112781222657458 51.250000000000007 -0.024454436264932156 3.5000000000000004 -4.430555820465087 0.059620811287477961 -0.059950396825396789 -4.5120926176508265 0.16666666666666655
decision_type=10 8 10 8 8 10 10 10 10 2 10 10 10 10 10
left_child=1 2 3 -1 5 -3 -6 10 14 -10 12 -12 -2 -4 -9
right_child=7 4 13 -5 6 -7 -8 8 9 -11 11 -13 -14 -15 -16
leaf_value=0.20647847605187719 -0.099269170716404925 -0.021382149722921896 -0.58198861754857578 -0.12221218708101833 -0.012478988735698337 0.17587941252384007 -0.20939819555132444 0.27696999907493591 0.29477155677877465 -0.021431364995591784 0.26345463989717838 -0.00051332530521211179 0.20657829736408437 -0.19295940489139196 0.61422848793967022
leaf_weight=36 95 251 21 530 339 164 126 50 72 63 143 100 33 48 24
leaf_count=36 95 251 21 530 339 164 126 50 72 63 143 100 33 48 24
internal_value=0.000593285 -0.0591451 -0.128635 -0.0995935 -0.00850186 0.0576185 -0.0676041 0.155891 0.253907 0.151358 0.0979001 0.156804 -0.0152402 -0.343359 0.418936
internal_weight=2095 1515 635 566 880 415 465 580 209 135 371 243 128 69 74
internal_count=2095 1515 635 566 880 415 465 580 209 135 371 243 128 69 74
is_linear=0
shrinkage=0.05


Tree=19
num_leaves=8
num_cat=0
split_feature=14 45 58 58 43 37 0
split_gain=1400.76 1984.35 1295.03 1558.06 2172.11 1455.22 650.844
threshold=0.74160099029541027 -0.052804487179487151 2572.0500000000006 1130.9000000000003 -0.026476055383682248 16.416666666666671 6.2500000000000009
decision_type=10 10 10 10 8 10 10
left_child=2 -2 3 5 -5 -1 -3
right_child=1 6 -4 4 -6 -7 -8
leaf_value=-0.035343428524960842 0.14560210614493399 -0.50044360883308181 -0.27950797426073176 -0.054027151102476779 0.14626825608474275 0.11274658630220846 -0.15343994239345193
leaf_weight=1175 28 28 33 197 411 188 35
leaf_count=1175 28 28 33 197 411 188 35
internal_value=0.000652517 -0.18591 0.00959067 0.0151513 0.081377 -0.0145432 -0.333856
internal_weight=2095 91 2004 1971 608 1363 63
internal_count=2095 91 2004 1971 608 1363 63
is_linear=0
shrinkage=0.05


Tree=20
num_leaves=15
num_cat=0
split_feature=56 56 3 7 1 11 50 37 16 34 26 22 27 42
split_gain=7099.4 1847.98 1584.45 1550.23 1470.82 1529.44 1341.64 2027.16 1382.41 1045.2 1436.43 1011.24 778.018 313.604
threshold=47.250000000000007 39.250000000000007 0.066942028002813472 -0.034058980973687501 -0.10718871053541078 -3.4999999999999987 -0.83333337306976296 15.833333333333337 0.065483512977759048 -0.19894886544595158 8.3902778307596861 0.14828291884623471 0.10030895691609977 0.0013802866451442244
decision_type=10 8 8 8 8 8 10 10 10 8 8 8 10 10
left_child=1 2 12 9 13 -6 8 -8 -3 -2 -11 -4 -1 -5
right_child=3 6 11 4 5 -7 7 -9 -10 10 -12 -13 -14 -15
leaf_value=-0.44176335086425145 0.23899967531232458 -0.081182155667699957 -0.23854480546254378 0.58973859422481978 0.0028824930883605375 0.20829375155547761 -0.032526250963823659 0.20009808858348566 -0.43834546064508378 -0.1297872536877791 0.26846724000892469 0.17836980995806784 -0.071251672964829663 0.22773000355120057
leaf_weight=64 33 549 21 21 127 317 625 105 24 115 23 28 21 22
leaf_count=64 33 549 21 21 127 317 625 105 24 115 23 28 21 22
internal_value=0.00054273 -0.0616975 -0.235253 0.135984 0.181063 0.150336 -0.0429799 0.00199898 -0.0998909 0.00582159 -0.0559957 -0.00492521 -0.359825 0.448582
internal_weight=2095 1437 134 658 487 444 1303 730 573 171 138 49 85 43
internal_count=2095 1437 134 658 487 444 1303 730 573 171 138 49 85 43
is_linear=0
shrinkage=0.05


Tree=21
num_leaves=14
num_cat=0
split_feature=6 30 34 58 58 9 52 32 26 33 58 46 17
split_gain=1339.87 1730.93 1792.9 1508.65 1796.58 1688.17 1473.39 1867.51 1331.06 1367.76 1235.62 908.898 374.362
threshold=0.25900275912135845 0.43854481168091303 0.24699609602491066 935.25000000000011 2300.1000000000008 0.98923611111111109 0.88828764272159411 0.012650221819058062 -9.7588293249644913 0.11688532799113698 840.00000000000011 -1.0000000180025095e-35 0.0079174979279438649
decision_type=10 8 10 10 10 10 10 8 8 8 10 8 10
left_child=3 6 -3 8 5 -5 7 -2 12 -10 -8 -6 -1
right_child=1 2 -4 4 11 -7 10 -9 9 -11 -12 -13 -14
leaf_value=-0.40823695284705014 0.46491435031438694 0.52552257807448854 0.025352291440641557 0.096171479371790589 -0.29620722308754921 -0.1598499855078343 0.062326950579881669 -0.092967029864137823 0.0062875841936612283 -0.11163920783317152 -0.38582548303529624 -0.017206598053107394 -0.11463741602436189
leaf_weight=26 24 38 32 629 47 67 27 28 674 381 27 69 26
leaf_count=26 24 38 32 629 47 67 27 28 674 381 27 69 26
internal_value=0.000572877 0.130653 0.314473 -0.0116399 0.0399479 0.07049 0.000113974 0.181835 -0.0495347 -0.0365787 -0.174609 -0.138232 -0.285247
internal_weight=2095 176 70 1919 812 696 106 52 1107 1055 54 116 52
internal_count=2095 176 70 1919 812 696 106 52 1107 1055 54 116 52
is_linear=0
shrinkage=0.05


Tree=22
num_leaves=13
num_cat=0
split_feature=56 56 37 35 50 56 43 42 39 21 50 1
split_gain=6434.9 1840.52 1657.02 1610.31 1359.46 1224.42 1046.42 1799.62 1604.09 1039.99 1150.14 801.254
threshold=47.750000000000007 45.250000000000007 16.833333333333339 -6.6660884789501624 -1.96468248963356 55.750000000000007 -0.026476055383682248 0.014072494736562172 -0.072750551626086221 -0.26529561355710024 2.3499999443689985 -0.070588460114474075
decision_type=10 8 10 8 10 10 8 10 10 8 10 10
left_child=1 2 3 -1 -4 9 8 -8 -3 11 -11 -2
right_child=5 6 4 -5 -6 -7 7 -9 -10 10 -12 -13
leaf_value=-0.28857252171039582 0.085757228012742673 0.051160048734058029 -0.16404122229665519 -0.091642704664547006 0.19196687227631193 0.41584663681494888 0.0036362636212023008 0.25569370960330834 -0.23342179474267333 0.054486157845956944 0.23785496874978498 0.49308894015848637
leaf_weight=120 24 105 35 694 78 34 310 87 86 388 107 27
leaf_count=120 24 105 35 694 78 34 310 87 86 388 107 27
internal_value=0.00049233 -0.0537189 -0.0974337 -0.12232 0.0789966 0.14143 0.0153549 0.0614907 -0.079407 0.120633 0.0962056 0.327068
internal_weight=2095 1515 927 814 113 580 588 397 191 546 495 51
internal_count=2095 1515 927 814 113 580 588 397 191 546 495 51
is_linear=0
shrinkage=0.05


Tree=23
num_leaves=13
num_cat=0
split_feature=56 56 8 0 24 46 4 49 16 2 27 26
split_gain=5845.83 1731.72 1331.67 1476.33 1271.77 1252.92 1258.3 1518.96 1175.85 1269.04 1049.54 812.301
threshold=47.750000000000007 39.250000000000007 0.047067770284824548 8.4166666666666696 0.1912499986588955 22.500000000000004 -0.017969854734838007 8.8333333333333339 -0.0095576637734969463 0.012161947910984358 0.1507936507936509 1.9430556032392714
decision_type=10 8 10 10 10 10 8 10 10 10 10 10
left_child=1 8 3 -3 -4 6 10 -8 9 -1 -2 -10
right_child=5 2 4 -5 -6 -7 7 -9 11 -11 -12 -13
leaf_value=-0.25900115388812445 0.31181288642584587 -0.033615996663564081 -0.21693422670927248 0.14136023431304187 0.088623419642034518 -0.15545002776715491 0.12171174475128295 -0.24664161796230943 -0.20772489101671782 0.17651559739537978 0.055523931571552831 -0.58616553739859512
leaf_weight=28 157 1055 155 131 40 31 309 26 56 29 57 21
leaf_count=28 157 1055 155 131 40 31 309 26 56 29 57 21
internal_value=0.000592929 -0.0510766 -0.0339678 -0.0137346 -0.153357 0.134926 0.152667 0.0897694 -0.219475 -0.0402501 0.246604 -0.340994
internal_weight=2095 1515 1381 1186 195 580 549 335 134 57 214 77
internal_count=2095 1515 1381 1186 195 580 549 335 134 57 214 77
is_linear=0
shrinkage=0.05


Tree=24
num_leaves=12
num_cat=0
split_feature=59 12 12 49 14 14 25 14 45 24 34
split_gain=1304.12 2229.19 1505.1 1375.26 1353.28 2410.03 1305.71 1201.24 2143.58 1464.5 1106.53
threshold=8.5000000000000018 -7.9999999999999973 10.767857142857144 3.9999999999999969 0.55329438786332819 0.76493937273820245 0.055946394335478551 0.74160099029541027 0.0078412328412328387 -0.41666666542490322 -0.24822492082603273
decision_type=2 10 10 10 10 10 10 10 10 8 10
left_child=3 -2 6 7 10 -6 -3 9 -9 -1 -5
right_child=1 2 -4 4 5 -7 -8 8 -10 -11 -12
leaf_value=0.18344774073379677 -0.21448136450428712 0.17315956701289167 -0.13433740679864531 0.074701846741578162 0.45081584741992337 -0.16721806390718982 0.55961186106809802 0.15034964721778343 -0.41975383787620357 0.0064591231542453472 -0.14673320015351618
leaf_weight=124 33 86 22 63 26 28 29 24 36 1257 367
leaf_count=124 33 86 22 63 26 28 29 24 36 1257 367
internal_value=0.000464475 0.131182 0.219417 -0.0113635 -0.0838403 0.142493 0.290286 0.013151 -0.19692 0.0229915 -0.11369
internal_weight=2095 170 137 1925 484 54 115 1441 60 1381 430
internal_count=2095 170 137 1925 484 54 115 1441 60 1381 430
is_linear=0
shrinkage=0.05


Tree=25
num_leaves=14
num_cat=0
split_feature=56 56 31 21 24 36 41 3 53 21 0 41 15
split_gain=5412.85 2306.88 1369.19 1276.52 1469.28 1364.17 1225.02 1256.75 1214.94 1145.62 1585.27 1531.66 1006.1
threshold=45.250000000000007 51.250000000000007 0.56588086671035864 0.66611988159517466 -0.099999999006589249 -0.069635364778553616 -0.0010170014575123819 -0.019455424975603815 -0.075202067802219011 0.038540020119398839 3.4166666666666674 -0.020676817124088604 0.043193230405449874
decision_type=8 10 10 8 8 10 10 10 10 8 10 10 10
left_child=2 3 9 5 -5 -2 7 -3 -8 11 -11 -1 -4
right_child=1 6 12 4 -6 -7 8 -9 -10 10 -12 -13 -14
leaf_value=-0.013831647927010502 0.40691031270167405 0.46294272560495098 -0.047653804034800143 -0.15388168462605734 0.035306946677155795 0.074543842279851655 -0.15618666712496732 0.12188425560792288 0.20493474744143897 -0.12309163296505464 0.044450834199215805 -0.28837442026713739 0.34787607935567699
leaf_weight=76 29 66 32 134 387 409 32 52 59 436 204 154 25
leaf_count=76 29 66 32 134 387 409 32 52 59 436 204 154 25
internal_value=0.000503873 0.071995 -0.0894227 0.038586 -0.0142571 0.101007 0.220576 0.324117 0.0759054 -0.10516 -0.0696794 -0.200093 0.139082
internal_weight=2095 1168 927 959 521 438 209 118 91 870 640 230 57
internal_count=2095 1168 927 959 521 438 209 118 91 870 640 230 57
is_linear=0
shrinkage=0.05


Tree=26
num_leaves=14
num_cat=0
split_feature=56 56 37 55 54 9 9 32 9 22 37 23 45
split_gain=4900.6 2097.65 1473.4 1518.98 1681.43 1276.24 1749.03 1482.88 1193.68 1136.54 1372.76 1314.99 1088.11
threshold=45.250000000000007 51.250000000000007 16.833333333333339 -0.14058546721935269 0.080469259272070673 -0.26961538461538465 -0.33480769230769225 -0.12284749640578714 0.93964285714285734 -0.024839665236261979 -5.3333333333333339 -0.41666666915019346 -0.059490509490509526
decision_type=8 10 10 10 10 10 10 10 10 10 10 10 8
left_child=2 5 9 -4 -5 6 -2 -7 12 10 -1 -11 -3
right_child=1 8 3 4 -6 7 -8 -9 -10 11 -12 -13 -14
leaf_value=-0.076660357525900058 -0.001320678644697182 0.014142944934693251 0.31450244936753408 0.12947875448301727 -0.32901672847343216 0.19365345991670793 -0.39807431943714622 0.023806529527643276 -0.10269934103406708 0.18609149933659608 -0.24701765252342611 -0.079202487411688324 0.31364222722288398
leaf_weight=262 379 39 39 46 28 198 25 357 24 51 223 278 146
leaf_count=262 379 39 39 46 28 198 25 357 24 51 223 278 146
internal_value=0.000588897 0.068614 -0.0849759 0.0812201 -0.0532169 0.0367534 -0.0305608 0.0856779 0.210299 -0.108463 -0.156813 -0.035758 0.252801
internal_weight=2095 1168 927 113 74 959 404 555 209 814 485 329 185
internal_count=2095 1168 927 113 74 959 404 555 209 814 485 329 185
is_linear=0
shrinkage=0.05


Tree=27
num_leaves=12
num_cat=0
split_feature=6 4 45 14 11 24 15 32 45 9 15
split_gain=1232.76 1631.17 1941.43 1559.36 1462.44 2246.31 1898.82 1398.15 875.074 594.836 520.94
threshold=0.25900275912135845 0.25110012255609043 -0.03557206682206681 0.72691026485214638 0.3666666666666672 0.13333333039825615 -0.12416719716219672 -0.22136424202471969 -0.045182641432641397 -0.16201923076923078 -0.011104577865738123
decision_type=10 10 10 10 8 10 10 10 10 10 10
left_child=3 2 7 4 6 -6 -1 -2 -5 -4 -10
right_child=1 -3 9 8 5 -7 -8 -9 10 -11 -12
leaf_value=0.11860617301393328 0.23028923071482602 0.50150256538391114 0.50712818586826325 0.023099259100854398 -0.00089161965746418408 0.17699521685499031 -0.084068929697346556 -0.14578451745948948 -0.41804563945957596 0.10786571287764952 -0.096361763415665463
leaf_weight=134 29 20 20 27 786 224 687 86 37 21 24
leaf_count=134 29 20 20 27 786 224 687 86 37 21 24
internal_value=0.000551276 0.125324 0.062709 -0.0111622 -0.000987368 0.0391888 -0.0504109 -0.044888 -0.210895 0.337668 -0.309127
internal_weight=2095 176 156 1919 1831 1010 821 115 88 41 61
internal_count=2095 176 156 1919 1831 1010 821 115 88 41 61
is_linear=0
shrinkage=0.05


Tree=28
num_leaves=13
num_cat=0
split_feature=56 56 3 33 18 54 46 3 12 22 22 12
split_gain=4472.98 1490.41 1384.26 1150.03 1814.47 1188.89 1090.03 1267.43 1213.81 892.635 783.587 231.438
threshold=47.750000000000007 39.250000000000007 0.066942028002813472 0.12158472682349385 0.10474207500616713 -0.49922972863978948 22.500000000000004 -0.24629425428186849 -7.5277777777777777 0.14828291884623471 -0.13593059405684468 -0.41452991452991478
decision_type=10 8 8 10 10 10 10 8 8 8 8 10
left_child=1 2 10 4 -3 -5 7 11 -9 -4 -1 -2
right_child=6 3 9 5 -6 -7 -8 8 -10 -11 -12 -13
leaf_value=-0.056961454271242544 0.19096529696668899 -0.015350938609647933 -0.20817007026993314 0.048753559123724699 0.36682854397222403 -0.17078411961134909 -0.15217500449054772 0.24581704029152471 0.064114813119230507 0.18351858073111738 -0.40679225131417768 0.49009247230631969
leaf_weight=24 23 1046 21 81 27 227 31 119 384 28 61 23
leaf_count=24 23 1046 21 81 27 227 31 119 384 28 61 23
internal_value=0.000634467 -0.0445598 -0.200766 -0.0286973 -0.00403091 -0.113032 0.118142 0.134732 0.109197 0.0109943 -0.317224 0.374894
internal_weight=2095 1515 134 1381 1073 308 580 549 503 49 85 46
internal_count=2095 1515 134 1381 1073 308 580 549 503 49 85 46
is_linear=0
shrinkage=0.05


Tree=29
num_leaves=13
num_cat=0
split_feature=46 37 50 49 47 58 37 16 28 45 39 42
split_gain=1183.69 1215.67 1282.78 1570.5 1402.65 1081.95 2065.05 1278.45 1567.57 1425.88 1232.44 413.504
threshold=5.5000000000000009 -28.499999999999996 -0.40972225616375596 8.8333333333333339 -0.048075947971781323 1849.7500000000002 -21.833333333333325 -0.0068658028418819078 -0.0045107574512561052 0.027745402745402745 -0.0095644133786360382 0.01126590001707276
decision_type=8 8 8 10 10 10 8 8 8 10 8 10
left_child=1 11 4 -4 -3 7 -7 9 -9 -2 -8 -1
right_child=5 2 3 -5 -6 6 10 8 -10 -11 -12 -13
leaf_value=-0.10251681312918665 0.02622815666042946 -0.18909782987097373 0.048673077677191867 -0.27746224904432898 0.0062480402737855913 0.55334000874448708 -0.11443476324018681 -0.1232866125195536 0.035794244578973171 0.24226825141681815 0.18108989485400789 -0.41734012528150172
leaf_weight=25 281 193 474 35 170 22 52 257 374 101 89 22
leaf_count=25 281 193 474 35 170 22 52 257 374 101 89 22
internal_value=0.000671774 -0.0416945 -0.0274596 0.0236691 -0.0986358 0.0338581 0.151428 0.0142403 -0.029379 0.08587 0.0715731 -0.276802
internal_weight=2095 919 872 509 363 1176 163 1013 631 382 141 47
internal_count=2095 919 872 509 363 1176 163 1013 631 382 141 47
is_linear=0
shrinkage=0.05


Tree=30
num_leaves=15
num_cat=0
split_feature=56 2 56 36 7 11 18 56 57 26 28 34 26 45
split_gain=4066.21 1404.01 1408.09 1771.61 1366.2 1217.36 1481.85 1163.35 1088.48 947.229 908.172 884.498 1307.9 851.725
threshold=47.250000000000007 0.0074825326983745302 46.250000000000007 -0.012657265780414992 -0.034058980973687501 -0.33333333333333032 0.045179322361946113 38.750000000000007 14.612500000000002 5.3510417222976701 -0.0045107574512561052 -0.19894886544595158 8.3902778307596861 0.024843443593443596
decision_type=10 10 8 10 8 10 10 8 10 10 8 8 8 8
left_child=1 7 8 -4 11 9 -7 13 -3 -6 -9 -2 -13 -1
right_child=4 2 3 -5 5 6 -8 10 -10 -11 -12 12 -14 -15
leaf_value=-0.47205090649200215 0.19675957787978024 0.0030933966306846564 -0.12707507810214672 0.27009730096518375 0.10291136779683702 0.3065599651663487 0.022908368110656739 -0.14009572397516076 -0.21163848357248136 -0.18414758452863406 -0.02803330530663092 -0.14445164743810893 0.23619388010951559 -0.099595900684049943
leaf_weight=28 33 404 36 91 230 164 65 285 64 28 493 115 23 36
leaf_count=28 33 404 36 91 230 164 65 285 64 28 493 115 23 36
internal_value=0.00062265 -0.0464758 0.012219 0.156585 0.103131 0.145467 0.228471 -0.0878388 -0.0280927 0.0686589 -0.0697808 -0.0178631 -0.0746208 -0.285668
internal_weight=2095 1437 595 127 658 487 229 842 468 258 778 171 138 64
internal_count=2095 1437 595 127 658 487 229 842 468 258 778 171 138 64
is_linear=0
shrinkage=0.05


end of trees

feature_importances:
opening_total_away=46
diff_opening_spread=18
diff_div_def_epa_roll6=17
diff_div_def_epa_roll3=15
travel_miles_away=15
diff_fourth_down_success_rate_std=12
diff_adj_off_epa_std=11
diff_off_three_and_out_rate_roll6=11
diff_own_fumble_recovery_rate_std_std=11
diff_def_explosive_rush_rate_roll3=10
diff_def_rz_epa_roll6=9
diff_nondiv_def_epa_roll3=9
diff_nondiv_off_epa_roll3=9
diff_off_success_rate_roll3=9
diff_away_def_epa_roll6=8
diff_def_injury_impact_std=8
diff_def_penalty_yards_drawn_roll6=8
diff_ko_return_avg_std=8
diff_nondiv_def_epa_roll6=8
diff_off_penalty_yards_drawn_roll3=8
diff_opp_fumble_recovery_rate_std_roll6=8
diff_away_off_epa_roll6=7
diff_fourth_down_success_rate_roll6=7
diff_trailing_off_epa_roll6=7
ats_margin_avg3_away=6
diff_def_sack_rate_roll3=6
diff_leading_def_epa_std=6
diff_off_rz_success_rate_std=6
diff_pace_roll3=6
diff_skill_injury_impact_roll6=6
diff_adj_def_epa_std=5
diff_def_penalty_yards_std=5
diff_home_def_epa_std=5
diff_off_cpoe_roll6=5
diff_off_sack_rate_roll3=5
diff_punt_return_avg_roll3=5
diff_away_def_epa_std=4
diff_away_off_epa_roll3=4
diff_def_explosive_rush_rate_roll6=4
diff_def_rz_pass_rate_std=4
diff_def_success_rate_roll3=4
diff_ko_touchback_rate_std=4
diff_leading_off_epa_roll6=4
diff_leading_off_epa_std=4
diff_off_sack_rate_roll6=4
diff_off_explosive_pass_rate_roll3=3
diff_off_rz_epa_roll3=3
diff_rb_weighted_epa_std=3
wins_home=3
diff_def_sack_rate_roll6=2
diff_def_three_and_out_rate_std=2
ref_penalties_per_game_away=2
diff_def_penalties_std=1
diff_def_rz_epa_roll3=1
diff_def_success_rate_roll6=1
diff_leading_off_epa_roll3=1
diff_off_penalty_yards_std=1
diff_skill_injury_impact_roll3=1

parameters:
[boosting: gbdt]
[objective: regression]
[metric: l2]
[tree_learner: serial]
[device_type: cpu]
[data_sample_strategy: bagging]
[data: ]
[valid: ]
[num_iterations: 500]
[learning_rate: 0.05]
[num_leaves: 31]
[num_threads: 16]
[seed: 42]
[deterministic: 0]
[force_col_wise: 1]
[force_row_wise: 0]
[histogram_pool_size: -1]
[max_depth: 4]
[min_data_in_leaf: 20]
[min_sum_hessian_in_leaf: 0.001]
[bagging_fraction: 0.8]
[pos_bagging_fraction: 1]
[neg_bagging_fraction: 1]
[bagging_freq: 0]
[bagging_seed: 400]
[bagging_by_query: 0]
[feature_fraction: 0.7]
[feature_fraction_bynode: 1]
[feature_fraction_seed: 30056]
[extra_trees: 0]
[extra_seed: 12879]
[early_stopping_round: 0]
[early_stopping_min_delta: 0]
[first_metric_only: 0]
[max_delta_step: 0]
[lambda_l1: 1]
[lambda_l2: 5]
[linear_lambda: 0]
[min_gain_to_split: 0]
[drop_rate: 0.1]
[max_drop: 50]
[skip_drop: 0.5]
[xgboost_dart_mode: 0]
[uniform_drop: 0]
[drop_seed: 17869]
[top_rate: 0.2]
[other_rate: 0.1]
[min_data_per_group: 100]
[max_cat_threshold: 32]
[cat_l2: 10]
[cat_smooth: 10]
[max_cat_to_onehot: 4]
[top_k: 20]
[monotone_constraints: ]
[monotone_constraints_method: basic]
[monotone_penalty: 0]
[feature_contri: ]
[forcedsplits_filename: ]
[refit_decay_rate: 0.9]
[cegb_tradeoff: 1]
[cegb_penalty_split: 0]
[cegb_penalty_feature_lazy: ]
[cegb_penalty_feature_coupled: ]
[path_smooth: 0]
[interaction_constraints: ]
[verbosity: -1]
[saved_feature_importance_type: 0]
[use_quantized_grad: 0]
[num_grad_quant_bins: 4]
[quant_train_renew_leaf: 0]
[stochastic_rounding: 1]
[linear_tree: 0]
[max_bin: 255]
[max_bin_by_feature: ]
[min_data_in_bin: 3]
[bin_construct_sample_cnt: 200000]
[data_random_seed: 175]
[is_enable_sparse: 1]
[enable_bundle: 1]
[use_missing: 1]
[zero_as_missing: 0]
[feature_pre_filter: 1]
[pre_partition: 0]
[two_round: 0]
[header: 0]
[label_column: ]
[weight_column: ]
[group_column: ]
[ignore_column: ]
[categorical_feature: ]
[forcedbins_filename: ]
[precise_float_parser: 0]
[parser_config_file: ]
[objective_seed: 16083]
[num_class: 1]
[is_unbalance: 0]
[scale_pos_weight: 1]
[sigmoid: 1]
[boost_from_average: 1]
[reg_sqrt: 0]
[alpha: 0.9]
[fair_c: 1]
[poisson_max_delta_step: 0.7]
[tweedie_variance_power: 1.5]
[lambdarank_truncation_level: 30]
[lambdarank_norm: 1]
[label_gain: ]
[lambdarank_position_bias_regularization: 0]
[eval_at: ]
[multi_error_top_k: 1]
[auc_mu_weights: ]
[num_machines: 1]
[local_listen_port: 12400]
[time_out: 120]
[machine_list_filename: ]
[machines: ]
[gpu_platform_id: -1]
[gpu_device_id: -1]
[gpu_use_dp: 0]
[num_gpu: 1]

end of parameters

pandas_categorical:[]
