tree
version=v4
num_class=1
num_tree_per_iteration=1
label_index=0
max_feature_idx=119
objective=regression
feature_names=ats_cover_sum3_home ats_margin_avg3_away coaching_tenure_home diff_adj_def_epa_roll3 diff_adj_def_epa_std diff_adj_off_epa_std diff_away_def_epa_roll3 diff_away_def_epa_roll6 diff_away_off_epa_roll3 diff_def_avg_drive_plays_roll3 diff_def_explosive_pass_rate_roll3 diff_def_explosive_rush_rate_std diff_def_injury_impact_roll3 diff_def_injury_impact_std diff_def_penalties_std diff_def_penalty_yards_drawn_roll3 diff_def_penalty_yards_drawn_roll6 diff_def_penalty_yards_std diff_def_rz_epa_roll3 diff_def_rz_epa_roll6 diff_def_rz_pass_rate_std diff_def_rz_td_rate_roll3 diff_def_rz_td_rate_roll6 diff_def_sack_rate_roll3 diff_def_sack_rate_std diff_def_third_down_rate_roll3 diff_def_third_down_rate_roll6 diff_def_three_and_out_rate_std diff_def_top_seconds_roll6 diff_div_def_epa_roll6 diff_div_off_epa_std diff_ep_team_exp_fp_total_std diff_ep_team_exp_pass_fp_roll6 diff_ep_team_fp_over_expected_roll3 diff_ep_team_fp_over_expected_roll6 diff_ep_team_opportunity_hhi_roll3 diff_ep_team_opportunity_hhi_std diff_ep_team_rush_share_hhi_roll6 diff_ep_team_td_over_expected_roll3 diff_ep_team_td_over_expected_std diff_fg_pct_50plus_roll6 diff_fg_pct_long_std diff_fg_pct_roll6 diff_fg_pct_short_roll3 diff_fourth_down_go_rate_roll3 diff_fourth_down_go_rate_roll6 diff_fourth_down_success_rate_roll6 diff_fourth_down_success_rate_std diff_home_def_epa_std diff_home_off_epa_roll3 diff_ko_return_avg_roll6 diff_ko_return_avg_std diff_ko_touchback_rate_std diff_leading_def_epa_std diff_leading_off_epa_roll3 diff_leading_off_epa_roll6 diff_leading_off_epa_std diff_nondiv_def_epa_roll3 diff_nondiv_def_epa_roll6 diff_nondiv_def_epa_std diff_nondiv_off_epa_std diff_off_avg_drive_yards_std diff_off_cpoe_roll6 diff_off_drives_per_game_roll3 diff_off_drives_per_game_std diff_off_epa_per_play_roll6 diff_off_explosive_pass_rate_roll3 diff_off_explosive_pass_rate_roll6 diff_off_explosive_rush_rate_roll3 diff_off_explosive_rush_rate_roll6 diff_off_penalties_drawn_std diff_off_penalties_std diff_off_penalty_yards_drawn_std diff_off_rush_epa_roll3 diff_off_rz_epa_roll6 diff_off_rz_pass_rate_roll3 diff_off_rz_success_rate_roll3 diff_off_rz_success_rate_roll6 diff_off_rz_trips_roll6 diff_off_sack_rate_roll3 diff_off_sack_rate_roll6 diff_off_sos_score_std diff_off_success_rate_roll3 diff_off_success_rate_std diff_off_third_down_rate_roll3 diff_off_third_down_rate_std diff_off_three_and_out_rate_std diff_off_top_seconds_roll3 diff_off_top_seconds_std diff_opening_spread diff_opp_fumble_recovery_rate_std diff_opp_fumble_recovery_rate_std_roll3 diff_own_fumble_recovery_rate_std_roll3 diff_pace_roll3 diff_pace_roll6 diff_proe_roll6 diff_punt_return_avg_roll3 diff_qb_passing_epa_roll3 diff_rb_weighted_epa_roll3 diff_rb_weighted_epa_std diff_skill_injury_impact_roll3 diff_skill_injury_impact_roll6 diff_trailing_def_epa_std diff_trailing_off_epa_std diff_travel_miles diff_win_pct diff_win_streak diff_wins diff_wr_te_weighted_epa_roll3 diff_wr_te_weighted_epa_std losses_away opening_total_home ref_penalties_per_game_away temperature_home travel_miles_away win_pct_home win_streak_away win_streak_home wind_speed_away wins_home
feature_infos=[0:3] [-38:39] [1:17] [-0.71541596949100494:0.88652980327606201] [-0.71541596949100494:0.88652980327606201] [-0.89615999162197113:0.75189545750617981] [-0.74047915264964104:0.81195994466543198] [-0.76172319302956271:0.81195994466543198] [-0.95676788687705994:0.98236359283328056] [-3.833333333333333:3.2272727272727275] [-0.20532719313207118:0.21875] [-0.2424242424242424:0.20042417815482502] [-4.1500000000000004:3.7666666666666666] [-4.1500000000000004:3] [-5:7] [-69:77] [-69:77] [-94:80] [-2.8487167047957578:2.7074642988542714] [-2.2391043901443481:2.4243320624033609] [-0.8333333283662796:0.90909093618392944] [-1:1] [-1:1] [-0.16011972352862358:0.1666666716337204] [-0.14705882966518402:0.1666666716337204] [-0.57142859697341919:0.56666663289070129] [-0.57142859697341919:0.56666663289070129] [-0.46153846153846156:0.40909090909090906] [-1170:1190] [-0.86481103301048279:0.78134894371032715] [-0.75205850601196289:1.0891301482915878] [-64.766182243138971:49.873635669234446] [-19.40416449147984:16.790818302262217] [-48.970221842615011:83.150792736035314] [-46.876729440978828:83.150792736035314] [-0.26328430534456615:0.19135802469135804] [-0.17619319829655258:0.19135802469135804] [-0.53678484626364731:0.55525462238716661] [-8.0338560680975206:7.4815436458447948] [-8.0338560680975206:7.4815436458447948] [-1:1] [-1:1] [-1:1] [-1:1] [-0.51666666666666672:0.80000000000000004] [-0.44444444444444442:0.80000000000000004] [-1:1] [-1:1] [-0.80247220396995544:0.88652980327606201] [-0.98565264667073882:1.1111797392368317] [-48.5:47.125] [-48.5:47.125] [-1:1] [-5.3859257698059082:5.3745922148227692] [-8.9221019198497142:8.8304748088121414] [-8.3892935514450073:5.439639899879694] [-4.8015694357454777:5.439639899879694] [-0.73443540185689926:0.88652980327606201] [-0.65543012320995331:0.88652980327606201] [-0.65543012320995331:0.88652980327606201] [-0.66089094678560889:0.75189545750617981] [-39.345456123352051:36.8675217628479] [-30.688534736633301:38.514461517333984] [-8:7] [-8:7] [-0.89615999162197113:0.84700344502925873] [-0.18837018837018837:0.2857142857142857] [-0.18837018837018837:0.2857142857142857] [-0.23076923076923078:0.2533333333333333] [-0.23076923076923078:0.2533333333333333] [-7:8] [-7:6] [-77:94] [-0.67900723963975906:1.0113861858844757] [-3.2184919714927673:2.1583511233329773] [-0.82575758049885428:0.8333333283662796] [-0.73333331942558289:0.84615384042263031] [-0.73333331942558289:0.84615384042263031] [-6:5] [-0.1803727789471547:0.16151407609383264] [-0.16287340596318245:0.14610389992594719] [-0.73939523100852966:0.81203330308198929] [-0.38152013719081879:0.27322402596473694] [-0.38152013719081879:0.27322402596473694] [-0.44230771064758301:0.62727269530296326] [-0.44230771064758301:0.62727269530296326] [-0.4116161616161616:0.57575757575757569] [-1114.3333333333333:879] [-984:879] [-33:43] [-1:1] [-1:1] [-1:1] [-34:32] [-34:32] [-0.32302161097758625:0.34008444829653667] [-26.999999523162842:45.416667938232422] [-39.962821960449219:40.751319885253906] [-8.528332817309348:10.559087289124728] [-7.6779916545954237:10.559087289124728] [-2.9489422087868058:2.8925925925374032] [-2.4974933153018357:2.3574074074074076] [-1.6924982778728008:1.6416833959519863] [-1.9594758795574307:2.1133341491222382] [-2719.8000000000002:1992.7000000000003] [-1:1] [-17:16] [-11:12] [-12.31318187713623:12.183483719825745] [-12.31318187713623:12.183483719825745] [0:15] [10.5:63.5] [4:26] [1:97] [0:5266.8000000000002] [0:1] [-15:11] [-14:11] [0:71] [0:14]
tree_sizes=1380 1406 1346 1354 1342 1431 1259 1508 1345 1269 1344 1400 1351 1245 1517

Tree=0
num_leaves=15
num_cat=0
split_feature=113 114 95 44 54 96 47 6 20 47 20 15 1 5
split_gain=4462.47 2493.08 2404.27 2592.45 2554.77 2403.89 2163.26 2143.2 2078.87 1927.88 1894.81 1708.47 1614.5 643.246
threshold=63.500000000000007 1108.1000000000001 -0.081075881662707294 0.10019841269841272 -0.86655066860839713 -1.3666665802399314 -0.11602564127399369 -0.18111772835254666 0.040665677494623444 0.41309523539883752 -1.0000000180025095e-35 17.166666666666675 6.2500000000000009 -0.034026566962711502
decision_type=10 10 8 10 10 8 10 10 10 10 10 10 8 10
left_child=2 5 4 9 13 8 -7 -5 -2 -4 -6 12 -3 -1
right_child=1 11 3 7 10 6 -8 -9 -10 -11 -12 -13 -14 -15
leaf_value=45.147522311326597 45.238439427717339 45.770642392269778 45.405539841724483 45.508948880937709 45.527020372911039 45.461275923632556 45.664800200082098 45.102131406619336 45.553582595581325 45.728346050356336 45.978740536863121 45.345713001210996 45.544842252569097 45.506781573234953
leaf_weight=22 124 235 638 43 47 255 259 119 85 45 43 35 123 22
leaf_count=22 124 235 638 43 47 255 259 119 85 45 43 35 123 22
internal_value=45.4936 45.5618 45.4159 45.3846 45.6093 45.5063 45.5644 45.2076 45.3652 45.4284 45.7575 45.6623 45.695 45.3112
internal_weight=2095 1116 979 845 134 723 514 162 209 683 90 393 358 44
internal_count=2095 1116 979 845 134 723 514 162 209 683 90 393 358 44
is_linear=0
shrinkage=1


Tree=1
num_leaves=15
num_cat=0
split_feature=111 111 58 101 118 47 62 26 36 98 64 34 114 63
split_gain=21742.2 5107.85 2783.07 2894.19 2678.69 2513.5 2237.89 2097 2054.29 1842.97 1637.17 1626.03 1384.82 1009.8
threshold=47.750000000000007 42.250000000000007 0.11688532799113698 -0.49922972863978948 8.5000000000000018 -0.48124999900658921 -3.007461309432983 0.071313131600618376 0.014994891529001993 -0.35390634701943102 -1.2 3.7209555287678895 2150.7500000000005 0.58333333333333315
decision_type=10 8 10 10 10 8 10 10 10 8 8 10 8 10
left_child=1 5 7 -4 6 -1 12 -3 -8 13 -7 -11 -2 -6
right_child=4 2 3 -5 9 10 8 -9 -10 11 -12 -13 -14 -15
leaf_value=0.2246491794341377 0.50519442135936643 -0.032078531547578164 0.089513831921446504 -0.29001789142553869 0.45943653108552102 -0.0062663965062661605 0.10354348726010737 0.18461442142724993 0.39065005790619622 -0.22368596810847521 -0.31352333964386458 0.25376267486810689 0.095431993575766691 0.0086406283653699435
leaf_weight=23 158 719 66 180 27 50 168 127 100 59 350 20 27 21
leaf_count=23 158 719 66 180 27 50 168 127 100 59 350 20 27 21
internal_value=0 -0.0996769 -0.042027 -0.188238 0.259037 -0.246157 0.315462 0.00128584 0.216049 0.0530666 -0.275791 -0.0943076 0.44974 0.282578
internal_weight=2095 1515 1092 246 580 423 453 846 268 127 400 79 185 48
internal_count=2095 1515 1092 246 580 423 453 846 268 127 400 79 185 48
is_linear=0
shrinkage=0.05


Tree=2
num_leaves=14
num_cat=0
split_feature=111 111 58 118 47 95 111 15 22 99 62 42 117
split_gain=19706 4611.87 2518.27 2409.2 2290.91 2280.15 2228.8 2535.91 1899.34 1706.52 1319.86 1136.87 711.074
threshold=47.750000000000007 42.250000000000007 0.11688532799113698 8.5000000000000018 -0.48124999900658921 -0.059267784659150807 55.250000000000007 3.0833333333333326 0.13075396825396829 0.58784439119934195 -1.0275271932284034 0.06666666666666661 2.5000000000000004
decision_type=10 8 10 10 8 8 10 8 10 8 10 10 8
left_child=1 4 5 6 -1 -3 7 -2 -4 10 -5 -6 -11
right_child=3 2 8 9 11 -7 -8 -9 -10 12 -12 -13 -14
leaf_value=0.21542251837256898 0.13661862410187164 0.17623565477483416 -0.30255167385657056 -0.01722495507448912 -0.32326952680222582 -0.036755172605725646 0.72359738003823071 0.38462333936461418 -0.024174187122247157 -0.27785286322618141 0.39486041406080841 -0.1373723792672997 0.068181219295813486
leaf_weight=23 209 148 134 35 263 698 26 218 112 34 37 137 21
leaf_count=23 209 148 134 35 263 698 26 218 112 34 37 137 21
internal_value=0.000167297 -0.0947166 -0.0399343 0.246787 -0.233905 0.00126342 0.300303 0.266337 -0.179016 0.0513757 0.205781 -0.262205 -0.150226
internal_weight=2095 1515 1092 580 423 846 453 427 246 127 72 400 55
internal_count=2095 1515 1092 580 423 846 453 427 246 127 72 400 55
is_linear=0
shrinkage=0.05


Tree=3
num_leaves=14
num_cat=0
split_feature=111 111 111 118 118 95 69 47 3 65 65 96 5
split_gain=17932.1 3719.01 2422.91 2145.35 2134.47 2258.53 2097.92 2088.96 1780.89 2051.86 1731.87 1650.94 1180.2
threshold=47.250000000000007 42.250000000000007 51.250000000000007 6.5000000000000009 10.500000000000002 -0.032109219489610284 0.013157709924332546 -0.48124999900658921 -0.078447579095760958 0.1157034548620383 -0.058454820824166136 -0.83333337306976296 0.0074825326983745302
decision_type=10 8 10 8 10 10 8 8 8 10 10 10 8
left_child=1 7 8 6 5 -4 -3 -1 10 -10 -2 -5 -9
right_child=2 3 4 11 -6 -7 -8 12 9 -11 -12 -13 -14
leaf_value=0.20657480957784824 0.039352091098273242 -0.056492216980479883 0.62341311903728647 -0.21678853792330949 -0.042787767359704687 0.2485686777885332 0.144515293502362 -0.33482776440967976 0.14591397323179991 -0.15584987083802354 0.40718300589129774 -0.031228168192411601 -0.15587079013454652
leaf_weight=23 49 325 75 232 28 106 209 202 235 69 96 248 198
leaf_count=23 49 325 75 232 28 106 209 202 235 69 96 248 198
internal_value=0.00027445 -0.0986566 0.215519 -0.0461686 0.355384 0.416743 0.0226973 -0.222353 0.147108 0.0758462 0.28867 -0.122329 -0.249385
internal_weight=2095 1437 658 1014 209 181 534 423 449 304 145 480 400
internal_count=2095 1437 658 1014 209 181 534 423 449 304 145 480 400
is_linear=0
shrinkage=0.05


Tree=4
num_leaves=14
num_cat=0
split_feature=111 111 111 58 101 5 11 95 47 64 96 96 64
split_gain=16245.1 3361.21 2202.53 2115.02 2750.94 2507.75 2045.78 2192.34 1905.16 1750.19 2385.47 2067.06 1475.32
threshold=47.250000000000007 42.250000000000007 51.250000000000007 0.11688532799113698 -0.49922972863978948 -0.047611347809877413 -0.046743404709229504 -0.042849070180195535 -0.48124999900658921 0.30839160839160856 0.36666667461395291 1.8505951166152954 -1.2
decision_type=10 8 10 10 10 10 8 8 8 10 10 8 8
left_child=1 8 9 5 -5 -3 -4 -8 -1 11 -11 -2 -10
right_child=2 3 6 4 -6 -7 7 -9 12 10 -12 -13 -14
leaf_value=0.19809048686708725 -0.060977580585757141 -0.10672357526764405 -0.079738512574213327 0.1019820125116145 -0.27602625453569501 0.073257553380833493 0.68090282644216837 0.27526108951184092 0.014685549234802073 0.44847976765595376 0.071240653362539083 0.20702136056215475 -0.27305335778795498
leaf_weight=23 154 334 24 63 171 446 47 138 50 83 85 127 350
leaf_count=23 154 334 24 63 171 446 47 138 50 83 85 127 350
internal_value=0.000357355 -0.0938042 0.205228 -0.0439018 -0.174041 -0.00393648 0.338583 0.393786 -0.211401 0.139998 0.265479 0.0614734 -0.237225
internal_weight=2095 1437 658 1014 234 780 209 185 423 449 168 281 400
internal_count=2095 1437 658 1014 234 780 209 185 423 449 168 281 400
is_linear=0
shrinkage=0.05


Tree=5
num_leaves=15
num_cat=0
split_feature=115 88 5 95 17 58 11 14 29 12 75 20 48 15
split_gain=4039.53 2665.54 2167.46 2074.6 2361.35 2199.88 2158 2144.9 1952.91 1846.86 1541.97 1140.27 1199.79 1139.76
threshold=0.69615384615384623 133.66666666666666 -0.093474078574217842 -0.053041807034916552 10.488888888888891 0.11963682272471489 -0.0059704033524279323 -0.84615384615384581 0.018533429751793548 -1.3416666666666663 0.025096661100784904 0.056017868457332483 -0.024747220411275819 3.8333333333333344
decision_type=2 10 8 8 8 10 10 10 10 8 10 10 10 10
left_child=3 2 -2 5 7 6 -1 -5 -6 -4 -7 13 -13 -3
right_child=1 11 9 4 8 10 -8 -9 -10 -11 -12 12 -14 -15
leaf_value=-0.020106314410540192 -0.139975868518918 0.26217348583389161 -0.08874430009296963 0.033945992557489459 -0.019368562326760767 -0.26149638617691928 0.25158450041825953 -0.15252655938969575 0.25673776125418957 0.31363065769003723 0.134791050106287 -0.29365175068378452 0.11807380246895333 -0.1659338697195053
leaf_weight=127 34 38 30 196 317 68 164 685 75 233 33 53 22 20
leaf_count=127 34 38 30 196 317 68 164 685 75 233 33 53 22 20
internal_value=0.000494774 0.136231 0.218473 -0.0348331 -0.0657808 0.0651047 0.134506 -0.111027 0.0359001 0.266746 -0.131294 -0.0483239 -0.172423 0.112303
internal_weight=2095 430 297 1665 1273 392 291 881 392 263 101 133 75 58
internal_count=2095 430 297 1665 1273 392 291 881 392 263 101 133 75 58
is_linear=0
shrinkage=0.05


Tree=6
num_leaves=13
num_cat=0
split_feature=111 111 30 90 77 45 89 106 23 111 3 32
split_gain=14605.2 3431.15 2147.88 2307.73 1795.86 1702.72 1812.64 2020.01 1413.01 1543.14 1117.29 998.376
threshold=47.750000000000007 43.750000000000007 0.19910576262045654 -0.1157196969696969 0.0018181353807449621 0.12006974506974509 24.500000000000004 -3.4999999999999996 -0.07465623846898474 38.750000000000007 0.096410144120454802 2.0224700808544473
decision_type=10 8 10 8 10 10 10 8 8 10 10 10
left_child=1 8 3 -3 -4 6 7 -2 -1 -10 11 -7
right_child=5 2 4 -5 -6 10 -8 -9 9 -11 -12 -13
leaf_value=0.19938934044196055 0.0066329743660671616 0.10450497367151122 -0.029189018225460724 -0.095605542157786147 0.36438567135778688 0.060741096509225448 -0.17592941740384471 0.30528710337294229 -0.34690503564042352 -0.14266482605303207 0.24782817673736385 -0.3513054598921112
leaf_weight=21 66 186 52 584 58 28 21 419 115 499 23 23
leaf_count=21 66 186 52 584 58 28 21 419 115 499 23 23
internal_value=0.000494931 -0.0811883 -0.016959 -0.0468403 0.184718 0.212813 0.245281 0.26523 -0.169293 -0.183492 -0.0100368 -0.138966
internal_weight=2095 1515 880 770 110 580 506 485 635 614 74 51
internal_count=2095 1515 880 770 110 580 506 485 635 614 74 51
is_linear=0
shrinkage=0.05


Tree=7
num_leaves=16
num_cat=0
split_feature=111 118 30 111 42 114 118 111 15 31 98 57 10 38 74
split_gain=13187 2971.54 2763.11 2668.91 2388.48 2093.57 1963.08 2666.14 2885.44 1932.53 1881.66 1591.04 1564.96 1233.14 667.22
threshold=47.250000000000007 6.5000000000000009 0.18620551172643904 39.750000000000007 0.011507936507936524 1849.7500000000002 8.5000000000000018 49.750000000000007 -13.166666666666663 -6.1752892787887026 -1.2413888284850392 0.18768877613668644 -0.052994210106922214 0.056022581091383507 -0.13532756598045423
decision_type=10 8 10 8 8 10 8 10 8 8 8 8 8 10 10
left_child=1 2 5 4 -3 -1 7 12 -9 -5 14 -4 -2 -12 -8
right_child=6 3 11 9 -6 -7 10 8 -10 -11 13 -13 -14 -15 -16
leaf_value=-0.088120999695837615 0.41133238544335238 -0.60312134906811388 0.35610647454029987 0.012349909199906394 -0.10677470103198408 0.16848097507671644 0.49070584595203404 -0.053296861247863717 0.42264791000940499 -0.17712270397536195 -0.17847304869352321 -0.07521792636676268 0.054359907664284848 0.11347172186924862 0.10623792014790304
leaf_weight=548 32 54 67 198 46 88 20 36 208 408 77 28 197 60 28
leaf_count=548 32 54 67 198 46 88 20 36 208 408 77 28 197 60 28
internal_value=0.000487705 -0.0843474 -0.0133895 -0.157137 -0.391235 -0.0515011 0.185073 0.23868 0.352566 -0.11554 0.0450756 0.231075 0.112179 -0.0507685 0.298557
internal_weight=2095 1437 731 706 100 636 658 473 244 606 185 95 229 137 48
internal_count=2095 1437 731 706 100 636 658 473 244 606 185 95 229 137 48
is_linear=0
shrinkage=0.05


Tree=8
num_leaves=14
num_cat=0
split_feature=111 111 118 111 15 30 90 77 56 108 49 64 110
split_gain=11965.4 2958.23 1872.97 1918.24 2199.94 1831.02 2073.75 1597.57 1585.11 1507.82 1236.32 1116.58 850.894
threshold=47.750000000000007 43.750000000000007 8.5000000000000018 55.250000000000007 3.0833333333333326 0.19910576262045654 -0.1157196969696969 0.0018181353807449621 0.55255078194396845 -2.1740914527326818 -0.083510028169257552 0.24166666666666717 1.5000000000000002
decision_type=10 8 10 10 8 10 8 10 10 10 10 8 2
left_child=1 8 3 4 -2 6 -3 -7 11 12 -11 -1 -4
right_child=2 5 9 -5 -6 7 -8 -9 -10 10 -12 -13 -14
leaf_value=-0.23711126719818104 0.089589831152948274 0.10208858502004783 0.05857498510919798 0.62912222323638778 0.31878503779003675 -0.029114803776406406 -0.087584047193570991 0.34192943381116031 0.15072577884647906 0.44336396484420854 0.021724961396927638 -0.097142552325783449 -0.33038132969822204
leaf_weight=326 209 186 21 26 218 52 584 58 36 21 55 273 30
leaf_count=326 209 186 21 26 218 52 584 58 36 21 55 273 30
internal_value=0.000566126 -0.0733656 0.192743 0.239878 0.209054 -0.0137357 -0.0413395 0.172452 -0.155171 0.0215194 0.159024 -0.174734 -0.1784
internal_weight=2095 1515 580 453 427 880 770 110 635 127 76 599 51
internal_count=2095 1515 580 453 427 880 770 110 635 127 76 599 51
is_linear=0
shrinkage=0.05


Tree=9
num_leaves=13
num_cat=0
split_feature=115 113 81 19 67 108 85 95 42 79 13 93
split_gain=3207.84 2912.07 2703.02 1801.16 2151.33 1852.35 1784.45 1740.03 1542.21 1864.01 1532.11 1368.86
threshold=0.69615384615384623 69.500000000000014 -0.24349822793155906 -0.12847954531510666 0.025550640649102535 -3.6716070572535195 -0.10541773953171439 -0.10232155292640878 -1.6653345369377346e-16 -0.031531839941938714 0.098076923076923075 -5.166666666666667
decision_type=2 10 8 10 10 8 8 8 10 8 10 10
left_child=1 2 10 5 -5 -3 -2 -4 9 -8 -1 -10
right_child=6 3 7 4 -6 -7 8 -9 11 -11 -12 -13
leaf_value=-0.017880136602454716 -0.19586508998011309 0.43807067405886768 0.1035114373587355 -0.10000236381767647 0.15078217936955962 0.078737607637459461 0.54235797151366405 -0.14528830792239336 0.28207860123027456 0.15883680268337852 0.39371365105233541 -0.0035187937355496816
leaf_weight=49 36 36 74 306 113 328 41 723 50 128 36 175
leaf_count=49 36 36 74 306 113 328 41 723 50 128 36 175
internal_value=0.00070503 -0.0307747 -0.0928588 0.0392412 -0.0312699 0.119866 0.121665 -0.121624 0.152894 0.265079 0.168075 0.0644823
internal_weight=2095 1665 882 783 419 364 430 797 394 169 85 225
internal_count=2095 1665 882 783 419 364 430 797 394 169 85 225
is_linear=0
shrinkage=0.05


Tree=10
num_leaves=14
num_cat=0
split_feature=111 118 111 30 7 5 31 87 15 33 111 6 102
split_gain=10670.5 2582.96 2357.25 2353.43 2231.43 1913.07 1721.7 1663.25 1644.56 1972.79 1744.4 1915.94 1639.09
threshold=47.250000000000007 6.5000000000000009 39.750000000000007 0.18620551172643904 0.087895508816776199 0.052967844577506189 -6.1752892787887026 -89.833333333333243 3.4166666666666683 -16.685544835105826 55.750000000000007 -0.079868819564580903 -0.2857796118801666
decision_type=10 8 8 10 8 8 8 10 10 10 10 10 8
left_child=1 3 4 5 -3 -1 -4 -5 10 -10 11 -2 -11
right_child=8 2 6 7 -6 -7 -8 -9 9 12 -12 -13 -14
leaf_value=-0.098152403385731682 0.1623674560211783 -0.5228206584361238 0.016346729542771034 -0.10132394088432194 -0.02482286836856451 0.093230175615287042 -0.16238548325004901 0.34138056419483603 -0.074945044710945638 0.6345938070824273 0.49363632207667385 -0.062646112357003569 0.25087631311204689
leaf_weight=459 238 66 198 27 34 177 408 68 34 33 22 151 180
leaf_count=459 238 66 198 27 34 177 408 68 34 33 22 151 180
internal_value=0.000872819 -0.075438 -0.143298 -0.00930218 -0.363222 -0.0445005 -0.10425 0.216284 0.166915 0.268269 0.103391 0.0752094 0.323746
internal_weight=2095 1437 706 731 100 636 606 95 658 247 411 389 213
internal_count=2095 1437 706 731 100 636 606 95 658 247 411 389 213
is_linear=0
shrinkage=0.05


Tree=11
num_leaves=15
num_cat=0
split_feature=111 111 118 111 12 56 30 112 89 104 104 45 40 42
split_gain=9699.98 2525.25 1725.59 1751.24 1603.87 1557.81 1463.83 1535.49 1429.71 1395.99 1291.49 919.076 758.36 513.173
threshold=47.750000000000007 45.250000000000007 10.500000000000002 54.250000000000007 0.74166666666666647 0.56588086671035864 0.19910576262045654 11.345238095238097 22.500000000000004 -113.99999999999999 -640.54999999999984 0.022751322751322748 inf 0.040833333333333284
decision_type=10 8 10 10 8 10 10 8 10 8 8 10 8 10
left_child=1 5 3 8 12 9 10 -8 -2 -1 -3 -7 -4 -5
right_child=2 6 4 13 -6 11 7 -9 -10 -11 -12 -13 -14 -15
leaf_value=-0.15036151433155207 0.19665953192424621 0.053156903993663379 -0.022248351386386075 0.64085947712262481 -0.28293806353681966 0.2879435735024713 0.53141618382472255 0.054811081829769862 -0.16698898797233899 0.098364179629471998 -0.10533051355123785 -0.089584113756815603 0.34321765446662905 0.22826018443814033
leaf_weight=813 424 293 31 25 33 32 21 53 25 57 221 25 20 22
leaf_count=813 424 293 31 25 33 32 21 53 25 57 221 25 20 22
internal_value=0.000940527 -0.0656242 0.173973 0.209174 -0.0333949 -0.116825 0.0153152 0.21577 0.174686 -0.13354 -0.0152484 0.127684 0.138027 0.489208
internal_weight=2095 1515 580 496 84 927 588 74 449 870 514 57 51 47
internal_count=2095 1515 580 496 84 927 588 74 449 870 514 57 51 47
is_linear=0
shrinkage=0.05


Tree=12
num_leaves=14
num_cat=0
split_feature=118 98 68 114 98 54 90 115 47 94 115 40 105
split_gain=4451.3 2395.6 2209.19 1812.97 1674.82 1669.8 1658 1648.03 1759.11 1621.28 1534.11 1348.36 797.32
threshold=6.5000000000000009 -1.1716358386188657 -0.070180023297563773 968.55000000000007 -1.3243017101541013 0.35449719801545149 -0.15397727272727271 0.5590277777777779 -0.26934523809523803 1.2916666666666645 0.70714285714285718 0.27083333333333343 -1.0000000180025095e-35
decision_type=8 8 8 10 10 10 10 2 10 10 2 8 2
left_child=1 4 6 5 11 -3 -2 8 -4 -9 -5 -1 -8
right_child=2 3 7 10 -6 -7 12 9 -10 -11 -12 -13 -14
leaf_value=0.10885573317400965 -0.095939631651087515 0.012101634425084915 -0.041105990550529797 0.14447230329250152 -0.38762623167807059 0.27173075021521464 0.49969646767262488 0.088545805391412782 -0.22229757402866099 -0.14034322477988345 0.4100918714937411 -0.087860760921794998 0.093467934976021461
leaf_weight=147 36 386 223 236 26 69 26 178 344 129 71 199 25
leaf_count=147 36 386 223 236 26 69 26 178 344 129 71 199 25
internal_value=0.00108841 0.0680691 -0.0778416 0.118611 -0.0355277 0.0541083 0.156099 -0.101941 -0.152105 -0.00817984 0.21165 -0.00378212 0.327583
internal_weight=2095 1134 961 762 372 455 87 874 567 307 307 346 51
internal_count=2095 1134 961 762 372 455 87 874 567 307 307 346 51
is_linear=0
shrinkage=0.05


Tree=13
num_leaves=13
num_cat=0
split_feature=111 111 58 5 39 47 118 111 15 12 22 64
split_gain=8586.93 2247.44 1899.63 2344.95 1805.77 1652.72 1503.04 1628.43 1478.92 1472.74 1252.68 1212.82
threshold=47.750000000000007 42.250000000000007 0.11688532799113698 -0.047611347809877413 -0.67683978003139289 -0.48124999900658921 10.500000000000002 54.750000000000007 3.0833333333333326 0.74166666666666647 0.033333333333333277 -1.2
decision_type=10 8 10 10 10 8 10 10 8 8 10 8
left_child=1 5 3 -3 -4 -1 7 8 -2 10 -8 -7
right_child=6 2 4 -5 -6 11 9 -9 -10 -11 -12 -13
leaf_value=0.21941404981272564 0.070906562474140497 -0.084253288516311697 0.1118988421845383 0.083255811721917913 -0.2124319132763485 0.042854278412732212 0.32172506604875839 0.50871906340122219 0.25201785698403917 -0.2689093813300133 -0.14158765079740149 -0.21552865409410338
leaf_weight=23 219 357 51 489 195 50 30 35 242 33 21 350
leaf_count=23 219 357 51 489 195 50 30 35 242 33 21 350
internal_value=0.00111301 -0.0615154 -0.0232829 0.0124309 -0.144104 -0.158673 0.163916 0.196767 0.167771 -0.0296568 0.134448 -0.182977
internal_weight=2095 1515 1092 846 246 423 580 496 461 84 51 400
internal_count=2095 1515 1092 846 246 423 580 496 461 84 51 400
is_linear=0
shrinkage=0.05


Tree=14
num_leaves=16
num_cat=0
split_feature=111 89 111 103 88 30 90 111 24 79 64 96 96 58 118
split_gain=7801.55 2222.69 1858.72 2148.7 1757.09 1714.8 1428.76 1423.51 1705.19 1917.02 1540.33 2115.91 1760.75 1264.58 1207.33
threshold=47.250000000000007 10.500000000000002 38.750000000000007 -0.24589090348620499 -82.386904761904802 0.11972384601055334 0.014520202020201991 51.250000000000007 -0.0098130292464773377 -0.0022471491247415538 0.30839160839160856 0.68194438020388304 1.8505951166152954 0.11963682272471489 10.500000000000002
decision_type=10 8 10 10 8 10 10 10 10 10 10 10 8 10 8
left_child=1 2 3 -1 6 -6 -3 10 14 -10 12 -12 -2 -4 -9
right_child=7 4 13 -5 5 -7 -8 8 9 -11 11 -13 -14 -15 -16
leaf_value=0.02901923923807986 -0.09394876299273669 0.38254467451347496 -0.047186635972805868 -0.48101384192705154 -0.086084854149495266 0.11403286302155709 -0.053958000801503661 0.49160125900672957 0.30683621771393288 -0.086826116296034012 0.37649848829954863 0.024236249966038903 0.1530936819839884 -0.18777365604996585 0.042415530622005468
leaf_weight=29 154 48 571 61 327 153 27 74 57 58 85 83 127 221 20
leaf_count=29 154 48 571 61 327 153 27 74 57 58 85 83 127 221 20
internal_value=0.00114166 -0.0641064 -0.113221 -0.323266 0.0141701 -0.0216762 0.231228 0.14312 0.250003 0.112532 0.0910532 0.208484 0.0182535 -0.0874107 0.403504
internal_weight=2095 1437 882 90 555 480 75 658 209 115 449 168 281 792 94
internal_count=2095 1437 882 90 555 480 75 658 209 115 449 168 281 792 94
is_linear=0
shrinkage=0.05


end of trees

feature_importances:
opening_total_home=32
wind_speed_away=12
diff_fourth_down_success_rate_std=8
diff_def_penalty_yards_drawn_roll3=7
diff_adj_off_epa_std=6
diff_div_off_epa_std=6
diff_nondiv_def_epa_roll6=6
diff_off_drives_per_game_std=6
diff_proe_roll6=6
diff_punt_return_avg_roll3=6
diff_fg_pct_roll6=4
diff_opp_fumble_recovery_rate_std=4
diff_rb_weighted_epa_roll3=4
travel_miles_away=4
win_pct_home=4
diff_def_injury_impact_roll3=3
diff_def_rz_pass_rate_std=3
diff_opening_spread=3
diff_adj_def_epa_roll3=2
diff_away_def_epa_roll3=2
diff_def_explosive_rush_rate_std=2
diff_def_rz_td_rate_roll6=2
diff_ep_team_exp_fp_total_std=2
diff_fg_pct_50plus_roll6=2
diff_fourth_down_go_rate_roll6=2
diff_leading_off_epa_roll3=2
diff_leading_off_epa_std=2
diff_off_cpoe_roll6=2
diff_off_epa_per_play_roll6=2
diff_off_rz_success_rate_roll6=2
diff_off_sack_rate_roll3=2
diff_off_top_seconds_std=2
diff_skill_injury_impact_roll6=2
diff_travel_miles=2
diff_wr_te_weighted_epa_roll3=2
temperature_home=2
ats_margin_avg3_away=1
diff_away_def_epa_roll6=1
diff_def_explosive_pass_rate_roll3=1
diff_def_injury_impact_std=1
diff_def_penalties_std=1
diff_def_penalty_yards_std=1
diff_def_rz_epa_roll6=1
diff_def_sack_rate_roll3=1
diff_def_sack_rate_std=1
diff_def_third_down_rate_roll6=1
diff_div_def_epa_roll6=1
diff_ep_team_exp_pass_fp_roll6=1
diff_ep_team_fp_over_expected_roll3=1
diff_ep_team_fp_over_expected_roll6=1
diff_ep_team_opportunity_hhi_std=1
diff_ep_team_td_over_expected_roll3=1
diff_ep_team_td_over_expected_std=1
diff_fourth_down_go_rate_roll3=1
diff_home_def_epa_std=1
diff_home_off_epa_roll3=1
diff_nondiv_def_epa_roll3=1
diff_off_drives_per_game_roll3=1
diff_off_explosive_pass_rate_roll6=1
diff_off_explosive_rush_rate_roll3=1
diff_off_explosive_rush_rate_roll6=1
diff_off_rz_epa_roll6=1
diff_off_rz_pass_rate_roll3=1
diff_off_sos_score_std=1
diff_off_third_down_rate_std=1
diff_off_top_seconds_roll3=1
diff_pace_roll3=1
diff_pace_roll6=1
diff_rb_weighted_epa_std=1
diff_trailing_def_epa_std=1
diff_trailing_off_epa_std=1
diff_win_pct=1
diff_win_streak=1
losses_away=1
ref_penalties_per_game_away=1
win_streak_home=1

parameters:
[boosting: gbdt]
[objective: regression]
[metric: l2]
[tree_learner: serial]
[device_type: cpu]
[data_sample_strategy: bagging]
[data: ]
[valid: ]
[num_iterations: 500]
[learning_rate: 0.05]
[num_leaves: 31]
[num_threads: 16]
[seed: 42]
[deterministic: 0]
[force_col_wise: 1]
[force_row_wise: 0]
[histogram_pool_size: -1]
[max_depth: 4]
[min_data_in_leaf: 20]
[min_sum_hessian_in_leaf: 0.001]
[bagging_fraction: 0.8]
[pos_bagging_fraction: 1]
[neg_bagging_fraction: 1]
[bagging_freq: 0]
[bagging_seed: 400]
[bagging_by_query: 0]
[feature_fraction: 0.7]
[feature_fraction_bynode: 1]
[feature_fraction_seed: 30056]
[extra_trees: 0]
[extra_seed: 12879]
[early_stopping_round: 0]
[early_stopping_min_delta: 0]
[first_metric_only: 0]
[max_delta_step: 0]
[lambda_l1: 1]
[lambda_l2: 5]
[linear_lambda: 0]
[min_gain_to_split: 0]
[drop_rate: 0.1]
[max_drop: 50]
[skip_drop: 0.5]
[xgboost_dart_mode: 0]
[uniform_drop: 0]
[drop_seed: 17869]
[top_rate: 0.2]
[other_rate: 0.1]
[min_data_per_group: 100]
[max_cat_threshold: 32]
[cat_l2: 10]
[cat_smooth: 10]
[max_cat_to_onehot: 4]
[top_k: 20]
[monotone_constraints: ]
[monotone_constraints_method: basic]
[monotone_penalty: 0]
[feature_contri: ]
[forcedsplits_filename: ]
[refit_decay_rate: 0.9]
[cegb_tradeoff: 1]
[cegb_penalty_split: 0]
[cegb_penalty_feature_lazy: ]
[cegb_penalty_feature_coupled: ]
[path_smooth: 0]
[interaction_constraints: ]
[verbosity: -1]
[saved_feature_importance_type: 0]
[use_quantized_grad: 0]
[num_grad_quant_bins: 4]
[quant_train_renew_leaf: 0]
[stochastic_rounding: 1]
[linear_tree: 0]
[max_bin: 255]
[max_bin_by_feature: ]
[min_data_in_bin: 3]
[bin_construct_sample_cnt: 200000]
[data_random_seed: 175]
[is_enable_sparse: 1]
[enable_bundle: 1]
[use_missing: 1]
[zero_as_missing: 0]
[feature_pre_filter: 1]
[pre_partition: 0]
[two_round: 0]
[header: 0]
[label_column: ]
[weight_column: ]
[group_column: ]
[ignore_column: ]
[categorical_feature: ]
[forcedbins_filename: ]
[precise_float_parser: 0]
[parser_config_file: ]
[objective_seed: 16083]
[num_class: 1]
[is_unbalance: 0]
[scale_pos_weight: 1]
[sigmoid: 1]
[boost_from_average: 1]
[reg_sqrt: 0]
[alpha: 0.9]
[fair_c: 1]
[poisson_max_delta_step: 0.7]
[tweedie_variance_power: 1.5]
[lambdarank_truncation_level: 30]
[lambdarank_norm: 1]
[label_gain: ]
[lambdarank_position_bias_regularization: 0]
[eval_at: ]
[multi_error_top_k: 1]
[auc_mu_weights: ]
[num_machines: 1]
[local_listen_port: 12400]
[time_out: 120]
[machine_list_filename: ]
[machines: ]
[gpu_platform_id: -1]
[gpu_device_id: -1]
[gpu_use_dp: 0]
[num_gpu: 1]

end of parameters

pandas_categorical:[]
