tree
version=v4
num_class=1
num_tree_per_iteration=1
label_index=0
max_feature_idx=119
objective=regression
feature_names=diff_opening_spread diff_off_epa_per_play_std diff_off_sack_rate_roll6 travel_miles_away diff_wr_weighted_yac_oe_roll3 diff_rb_weighted_epa_std diff_off_cpoe_roll6 diff_away_def_epa_roll6 diff_qb_pressure_rate_std diff_off_three_and_out_rate_roll6 diff_skill_injury_impact_std diff_def_penalty_yards_drawn_roll6 diff_off_rz_success_rate_std diff_adj_def_epa_std diff_off_penalties_std diff_off_success_rate_roll6 diff_div_def_epa_roll6 diff_ko_return_avg_std diff_wins diff_off_sack_rate_roll3 diff_rb_weighted_epa_roll3 diff_def_penalty_yards_std diff_wr_weighted_yac_oe_roll6 diff_opp_fumble_recovery_rate_std_std diff_fourth_down_success_rate_std diff_rb_time_to_los_roll6 diff_rb_weighted_ryoe_roll3 diff_off_success_rate_roll3 diff_off_avg_drive_yards_std diff_def_rz_epa_roll3 diff_adj_off_epa_std diff_leading_off_epa_roll6 diff_nondiv_def_epa_roll3 losses_away diff_nondiv_off_epa_roll6 diff_leading_def_epa_std diff_def_rz_pass_rate_roll6 diff_nondiv_off_epa_roll3 diff_proe_roll3 diff_win_streak diff_ko_touchback_rate_roll6 diff_punt_return_avg_std diff_off_explosive_rush_rate_roll3 diff_qb_pressure_rate_roll3 diff_def_explosive_rush_rate_roll3 wins_home diff_skill_target_share_hhi_roll6 diff_pace_roll3 diff_off_rush_epa_roll3 diff_off_explosive_pass_rate_std diff_skill_injury_impact_roll3 diff_div_def_epa_std diff_off_penalties_drawn_std diff_def_explosive_pass_rate_roll3 diff_own_fumble_recovery_rate_std_roll3 diff_off_rz_epa_roll3 diff_def_explosive_rush_rate_std diff_wr_te_weighted_epa_std diff_off_avg_drive_plays_std diff_off_pass_epa_roll6 diff_def_injury_impact_std diff_punt_return_avg_roll3 diff_off_third_down_rate_roll3 diff_fg_pct_long_std diff_off_avg_drive_plays_roll3 diff_leading_def_epa_roll3 diff_leading_off_epa_std diff_def_sack_rate_roll3 diff_def_epa_per_play_roll6 diff_off_rz_success_rate_roll3 win_pct_home coaching_tenure_home ats_margin_avg3_away diff_off_third_down_rate_std diff_def_penalties_drawn_roll3 diff_def_third_down_rate_roll6 diff_opp_fumble_recovery_rate_std diff_off_sos_score_std diff_def_third_down_rate_roll3 win_streak_away diff_def_sos_score_std diff_wr_te_weighted_epa_roll3 diff_def_three_and_out_rate_std diff_def_success_rate_roll3 diff_travel_miles diff_wr_weighted_separation_roll3 diff_off_top_seconds_roll3 diff_qb_dakota_roll6 diff_leading_def_epa_roll6 diff_off_penalty_yards_roll3 diff_def_rz_td_rate_roll6 diff_fg_att_roll6 diff_early_down_run_rate_roll6 diff_leading_off_epa_roll3 diff_fg_pct_roll3 diff_own_fumble_recovery_rate_std diff_home_def_epa_roll3 ats_cover_sum3_away diff_def_three_and_out_rate_roll3 diff_win_pct diff_off_rz_td_rate_roll3 temperature_away diff_home_def_epa_roll6 diff_trailing_off_epa_std win_pct_away diff_def_rz_success_rate_roll3 diff_off_cpoe_roll3 diff_def_epa_per_play_roll3 diff_off_explosive_rush_rate_roll6 diff_def_avg_drive_yards_roll6 diff_away_off_epa_roll6 diff_def_sack_rate_roll6 diff_fourth_down_success_rate_roll6 diff_wr_weighted_separation_roll6 opening_total_away diff_off_explosive_pass_rate_roll3 diff_trailing_off_epa_roll6 wind_speed_home diff_ko_return_avg_roll3 diff_away_off_epa_roll3
feature_infos=[-33:43] [-0.89615999162197113:0.84700344502925873] [-0.16287340596318245:0.14610389992594719] [0:5266.8000000000002] [-10.303168826437801:12.194614264735556] [-7.6779916545954237:10.559087289124728] [-30.688534736633301:38.514461517333984] [-0.76172319302956271:0.81195994466543198] [-0.48200000000000004:0.38499999999999995] [-0.4116161616161616:0.57575757575757569] [-2.4974933153018357:2.3574074074074076] [-69:77] [-0.73333331942558289:0.84615384042263031] [-0.71541596949100494:0.88652980327606201] [-7:6] [-0.38152013719081879:0.27322402596473694] [-0.86481103301048279:0.78134894371032715] [-48.5:47.125] [-11:12] [-0.1803727789471547:0.16151407609383264] [-8.528332817309348:10.559087289124728] [-94:80] [-7.469694309775833:6.0941490786325119] [-1:1] [-1:1] [-1.106444444444445:0.93211994949494903] [-6.1916161390349451:7.2467503276460814] [-0.38152013719081879:0.27322402596473694] [-39.345456123352051:36.8675217628479] [-2.8487167047957578:2.7074642988542714] [-0.89615999162197113:0.75189545750617981] [-8.3892935514450073:5.439639899879694] [-0.73443540185689926:0.88652980327606201] [0:15] [-0.66089094678560889:0.75189545750617981] [-5.3859257698059082:5.3745922148227692] [-0.8333333283662796:0.90909093618392944] [-0.74516201019287109:0.97462587058544159] [-0.32302161097758625:0.34008444829653667] [-17:16] [-1:1] [-26.999999523162842:45.416667938232422] [-0.23076923076923078:0.2533333333333333] [-0.48200000000000004:0.38499999999999995] [-0.2424242424242424:0.23763515067862895] [0:14] [-0.20393207644628103:0.15630206330898377] [-34:32] [-0.67900723963975906:1.0113861858844757] [-0.18837018837018837:0.2857142857142857] [-2.9489422087868058:2.8925925925374032] [-0.77946552634239197:0.78134894371032715] [-7:8] [-0.20532719313207118:0.21875] [-1:1] [-3.2184919714927673:2.6077703610062599] [-0.2424242424242424:0.20042417815482502] [-12.31318187713623:12.183483719825745] [-3.583333333333333:4.5] [-1.0129465758800507:1.5306223928928375] [-4.1500000000000004:3] [-26.999999523162842:45.416667938232422] [-0.44230771064758301:0.62727269530296326] [-1:1] [-3.583333333333333:4.5] [-6.2839754968881607:8.9713747501373291] [-4.8015694357454777:5.439639899879694] [-0.16011972352862358:0.1666666716337204] [-0.71541596949100494:0.88652980327606201] [-0.73333331942558289:0.84615384042263031] [0:1] [1:17] [-38:39] [-0.44230771064758301:0.62727269530296326] [-8:7] [-0.57142859697341919:0.56666663289070129] [-1:1] [-0.73939523100852966:0.81203330308198929] [-0.57142859697341919:0.56666663289070129] [-15:11] [-0.72077322006225586:0.75828441977500916] [-12.31318187713623:12.183483719825745] [-0.46153846153846156:0.40909090909090906] [-0.24968472123146057:0.30359803140163422] [-2719.8000000000002:1992.7000000000003] [-2.0745504969355917:2.1062744076974824] [-1114.3333333333333:879] [-0.36423890665173531:0.56892763823270798] [-5.3859257698059082:5.3745922148227692] [-75:50] [-1:1] [-4:4] [-0.43678160919540232:0.37921435199505099] [-8.9221019198497142:8.8304748088121414] [-1:1] [-1:1] [-0.94794753938913345:0.88652980327606201] [0:3] [-0.46153846153846156:0.40909090909090906] [-1:1] [-1:1] [1:97] [-0.80247220396995544:0.88652980327606201] [-1.9594758795574307:2.1133341491222382] [0:1] [-0.69230768084526062:0.8333333283662796] [-30.688534736633301:38.514461517333984] [-0.71541596949100494:0.88652980327606201] [-0.23076923076923078:0.2533333333333333] [-34.377778053283691:34.656564712524414] [-0.73939523100852966:0.84628571569919586] [-0.14705882966518402:0.1666666716337204] [-1:1] [-2.0745504969355917:2.0128921936957962] [10.5:63.5] [-0.18837018837018837:0.2857142857142857] [-2.5981578990817069:2.2618493437767029] [0:71] [-48.5:65.916666666666671] [-0.95676788687705994:0.98236359283328056]
tree_sizes=1364 1424 1350 1430 1339 1352 1429 1428 1353 1352 1433 1448 1430 1347 1451 1412 1260 1450 1345 1428 1525 1519 1347 1356 1436 1372 1356 1346 1353 1414 1344 1344 1097

Tree=0
num_leaves=15
num_cat=0
split_feature=114 114 117 6 70 1 25 20 52 94 68 44 89 98
split_gain=21960.3 5200.32 2763.35 2221.69 2168.2 2556.77 1856.56 1852.7 1752.85 1865.98 1669.7 1507.16 1451.95 657.154
threshold=47.750000000000007 42.250000000000007 8.5000000000000018 -3.007461309432983 0.69615384615384623 -0.09410401010272007 -0.33802726185935755 -0.35390634701943102 1.3363095238095242 0.20000000000000004 0.15430237706750635 -0.087676757464728736 2.6666666666666665 -0.0035483035483035437
decision_type=10 8 10 10 2 8 8 8 10 10 10 10 10 10
left_child=1 8 3 10 6 -6 -3 13 9 -1 -2 -5 -9 -4
right_child=2 4 7 11 5 -7 -8 12 -10 -11 -12 -13 -14 -15
leaf_value=45.1672529276875 46.00154928456282 45.142557392008719 45.924471465731493 45.357615829615099 45.150719278302027 45.655222094323179 45.436337126570088 45.271630478831732 45.642927886384101 45.440080474175318 45.542098588133022 45.74909268588479 45.71785477698068 45.549374164061483
leaf_weight=319 161 53 26 24 24 191 824 58 23 81 24 244 21 22
leaf_count=319 161 53 26 24 24 191 824 58 23 81 24 244 21 22
internal_value=45.4936 45.3934 45.7539 45.8112 45.4515 45.5922 45.4166 45.5448 45.2456 45.221 45.9451 45.712 45.3971 45.775
internal_weight=2095 1515 580 453 1092 215 877 127 423 400 185 268 79 48
internal_count=2095 1515 580 453 1092 215 877 127 423 400 185 268 79 48
is_linear=0
shrinkage=1


Tree=1
num_leaves=15
num_cat=0
split_feature=114 114 117 114 74 117 39 38 21 118 20 106 48 56
split_gain=19894.3 4692.94 2481.08 2222.21 2213.39 2126.75 2439.38 2203.73 1848.89 1917.96 1693.6 1444 1136.26 795.743
threshold=47.750000000000007 42.250000000000007 8.5000000000000018 55.250000000000007 0.33333333333333376 6.5000000000000009 2.5000000000000004 -0.058273912380337502 9.8452380952380949 14.027777671813967 -0.35390634701943102 -7.1778364777564994 0.049461041266719512 -0.003420108632231723
decision_type=10 8 10 10 8 8 8 8 10 10 8 10 8 10
left_child=1 8 3 4 -2 6 -3 -7 9 -1 13 -10 -12 -4
right_child=2 5 10 -5 -6 7 -8 -9 11 -11 12 -13 -14 -15
leaf_value=-0.3112999252442803 0.15760173381282061 -0.03409446605589897 0.45377327310187482 0.72500636020014364 0.39104345827849946 0.079757060123305037 0.19961057629187903 -0.16756612653752753 -0.32087273883819578 0.15963026332855224 -0.34535178151623958 0.13488523625490959 0.037895425806442895 0.051274135112762458
leaf_weight=331 231 432 23 26 196 112 145 403 20 20 24 52 55 25
leaf_count=331 231 432 23 26 196 112 145 403 20 20 24 52 55 25
internal_value=1.85066e-05 -0.0953174 0.247814 0.302116 0.268157 -0.0400575 0.02576 -0.113433 -0.235723 -0.282461 0.0496394 -0.00368 -0.0915652 0.269696
internal_weight=2095 1515 580 453 427 1092 577 515 423 351 127 72 79 48
internal_count=2095 1515 580 453 427 1092 577 515 423 351 127 72 79 48
is_linear=0
shrinkage=0.05


Tree=2
num_leaves=14
num_cat=0
split_feature=117 110 70 26 85 42 70 50 24 38 31 76 18
split_gain=6637.19 3189.03 2954.42 3498.63 2953.72 2386.83 2277.28 2321.68 2283.76 2082.84 1852.64 1826.17 813.002
threshold=6.5000000000000009 0.24001805041916671 0.69615384615384623 -1.162757198197778 0.59204733041844138 -0.070180023297563773 0.5590277777777779 0.31345833325882755 -0.26934523809523803 -0.021647251836565802 0.22316185961244631 -0.15397727272727271 -1.0000000180025095e-35
decision_type=8 10 2 10 10 8 2 8 10 10 8 10 2
left_child=1 2 9 -4 10 11 8 -8 -7 -1 -3 -2 -13
right_child=5 4 3 -5 -6 6 7 -9 -10 -11 -12 12 -14
leaf_value=0.091705161490314588 -0.11580199501136455 0.13834411501884461 -0.013443622599994199 0.41291578550999231 -0.12690617526570955 -0.053550523852831447 -0.10961982391680172 0.17463020209561697 -0.26018263435466243 -0.065482620443676559 0.63643202288397438 0.50129652090610999 0.09190319736798605
leaf_weight=412 36 33 84 106 25 223 202 105 344 421 53 26 25
leaf_count=412 36 33 84 106 25 223 202 105 344 421 53 26 25
internal_value=0.000166543 0.081954 0.0534364 0.228652 0.330715 -0.0962172 -0.121212 -0.0109999 -0.180181 0.0122857 0.463958 0.147276 0.32763
internal_weight=2095 1134 1023 190 111 961 874 307 567 833 86 87 51
internal_count=2095 1134 1023 190 111 961 874 307 567 833 86 87 51
is_linear=0
shrinkage=0.05


Tree=3
num_leaves=15
num_cat=0
split_feature=117 110 85 70 26 81 50 47 24 31 13 24 2 55
split_gain=6002.57 2906.38 2697.35 2679.11 3173.04 2574.83 2244.84 1875.17 1878.75 1693.14 1530.26 1949.07 1260.09 784.256
threshold=6.5000000000000009 0.24001805041916671 0.59204733041844138 0.69615384615384623 -1.162757198197778 -3.6716070572535195 -0.29999999999999993 -1.9999999999999962 -0.41666666542490322 0.24618553870532198 -0.090561682892429232 0.50000000496705388 0.043584432297696672 0.1753630302846432
decision_type=8 10 10 2 10 10 8 8 8 8 10 8 10 10
left_child=1 3 9 5 -5 -1 10 8 -8 -3 13 -12 -9 -2
right_child=6 2 -4 4 -6 -7 7 12 -10 -11 11 -13 -14 -15
leaf_value=0.18362670220929936 0.25780832947976889 0.14382632210850718 -0.12161842266718546 -0.012809196185697331 0.39319998979031506 -0.032735343304699037 0.44267653326193496 -0.12425761208773174 0.017921190773351834 0.61611193500991379 -0.30967307580829162 0.15567236873838639 0.17084727510809899 -0.13953809270262718
leaf_weight=168 20 35 25 84 106 665 25 430 203 51 206 22 35 20
leaf_count=168 20 35 25 84 106 665 25 430 203 51 206 22 35 20
internal_value=0.000312054 0.0780919 0.315576 0.0508657 0.217719 0.0116763 -0.0913472 -0.0430663 0.0732099 0.442916 -0.212934 -0.26218 -0.100358 0.0645946
internal_weight=2095 1134 111 1023 190 833 961 693 228 86 268 228 465 40
internal_count=2095 1134 111 1023 190 833 961 693 228 86 268 228 465 40
is_linear=0
shrinkage=0.05


Tree=4
num_leaves=14
num_cat=0
split_feature=117 110 84 92 45 85 50 58 31 64 23 33 71
split_gain=5425.87 2649.03 2611.17 2698.29 2583.97 2463.78 2031.32 1807.43 1539.34 1370.3 1774.73 1276.77 1197.01
threshold=6.5000000000000009 0.24001805041916671 -972.49999999999989 0.067073647870737538 8.5000000000000018 0.59204733041844138 -0.29999999999999993 -0.68976087265560959 0.24618553870532198 -1.0690433749257273 -0.5322552910052909 6.5000000000000009 8.5000000000000018
decision_type=8 10 10 8 2 10 8 8 8 10 10 2 2
left_child=1 2 4 -4 -1 8 9 12 -3 -2 -11 -9 -8
right_child=6 5 3 -5 -6 -7 7 11 -10 10 -12 -13 -14
leaf_value=0.1053783337310622 0.10127802701400859 0.13753392413258553 -0.083906460152092313 0.15215266696707219 0.5696249048931129 -0.11655098473032316 0.020537194402681459 -0.040366800111826397 0.58805683396224473 0.13370572298765182 -0.28847196677511716 -0.22749694815472418 0.34885182391319958
leaf_weight=398 30 35 435 162 28 25 85 461 51 25 213 110 37
leaf_count=398 30 35 435 162 28 25 85 461 51 25 213 110 37
internal_value=0.000494197 0.074444 0.0484492 -0.0190355 0.142262 0.301173 -0.08665 -0.0407206 0.422885 -0.202311 -0.242081 -0.0781651 0.130316
internal_weight=2095 1134 1023 597 426 111 961 693 86 268 238 571 122
internal_count=2095 1134 1023 597 426 111 961 693 86 268 238 571 122
is_linear=0
shrinkage=0.05


Tree=5
num_leaves=14
num_cat=0
split_feature=117 20 95 42 70 50 3 110 34 24 22 76 99
split_gain=4915.02 2460.98 2283.89 2082.72 2076.21 2031.59 2025.9 2515.38 1992.78 1942.99 1840.82 1661.7 704.229
threshold=6.5000000000000009 -1.1716358386188657 0.35816498316498319 -0.070180023297563773 0.5590277777777779 0.31345833325882755 968.55000000000007 0.24363630909162268 -0.14951431813339391 -0.26934523809523803 -0.589086207767065 -0.15397727272727271 -1.0000000180025095e-35
decision_type=8 8 10 8 2 8 10 10 8 10 8 10 2
left_child=1 2 10 11 9 -6 7 -3 -8 -5 -1 -2 -13
right_child=3 6 -4 4 5 -7 8 -9 -10 -11 -12 12 -14
leaf_value=0.17629894967067916 -0.10633040884645975 0.011208255748534145 -0.46031600709619191 -0.045270986386100977 -0.093030543535371921 0.1728785844959996 -0.11977660022675991 0.37475835852049016 0.26592118595642739 -0.23575038529617612 -0.072047358254591617 0.47907630431075249 0.094859823087851208
leaf_weight=101 36 406 24 223 202 105 35 49 272 344 247 26 25
leaf_count=101 36 406 24 223 202 105 35 49 272 344 247 26 25
internal_value=0.000639764 0.071023 -0.0339984 -0.0822999 -0.105676 -0.000611148 0.122246 0.0541164 0.220574 -0.161973 0.00136474 0.144974 0.316914
internal_weight=2095 1134 372 961 874 307 762 455 307 567 348 87 51
internal_count=2095 1134 372 961 874 307 762 455 307 567 348 87 51
is_linear=0
shrinkage=0.05


Tree=6
num_leaves=15
num_cat=0
split_feature=114 114 24 114 74 3 24 89 0 32 98 87 0 71
split_gain=16944.6 3371.34 2322.76 2296.47 2230.12 1775.93 1603.77 1929.85 1760.47 1540.98 1865.43 1356.25 1289.01 1031.53
threshold=47.250000000000007 42.250000000000007 -0.48124999900658921 51.250000000000007 -0.33333333333333331 670.15000000000009 0.16666667908430102 -3.1666666666666656 10.500000000000002 -0.12988428041959801 0.13406177156177163 -0.043383187536771083 17.500000000000004 6.5000000000000009
decision_type=10 8 8 10 8 10 10 10 8 8 10 8 10 2
left_child=1 2 -1 9 13 -6 8 -8 -3 10 -2 -4 -11 -5
right_child=3 6 11 4 5 -7 7 -9 -10 12 -12 -13 -14 -15
leaf_value=0.23714807794562409 0.42695231199530626 -0.14408593171843581 -0.39015724357089093 0.31486668696528985 0.21848530728938217 0.62057057081199274 -0.11049435457900952 0.17761324574023685 0.0074977970431183488 0.11685134857964861 -0.0016335996731025417 -0.17914881486585046 -0.21323802868525188 -0.034689226284623148
leaf_weight=23 79 448 111 33 54 77 90 146 330 306 36 289 28 45
leaf_count=23 79 448 111 33 54 77 90 146 330 306 36 289 28 45
internal_value=0.000659262 -0.0955093 -0.213289 0.209893 0.346065 0.469319 -0.0455216 0.0675213 -0.0800883 0.143284 0.297892 -0.241921 0.0862947 0.122656
internal_weight=2095 1437 423 658 209 131 1014 236 778 449 115 400 334 78
internal_count=2095 1437 423 658 209 131 1014 236 778 449 115 400 334 78
is_linear=0
shrinkage=0.05


Tree=7
num_leaves=15
num_cat=0
split_feature=114 114 44 74 76 76 38 4 47 112 72 41 95 30
split_gain=15376 3453.31 1941.55 2651.34 1825.29 2440.57 1893.62 1702.78 1678.06 1670.81 1593.89 1506.79 1070.32 570.413
threshold=47.750000000000007 43.750000000000007 -0.06129564617134009 0.33333333333333376 -0.1157196969696969 -0.23577380952380947 -0.071652264147740438 2.2888252411911885 1.8333333333333324 0.32083333830038713 4.916666666666667 4.4660217538475999 -0.18425925925925921 0.0024327874545835783
decision_type=10 8 8 10 8 10 8 10 10 10 10 10 10 10
left_child=1 7 8 9 5 -3 -6 11 12 -4 -5 -1 -2 -9
right_child=2 4 3 10 6 -7 -8 13 -10 -11 -12 -13 -14 -15
leaf_value=-0.16326331709232345 0.37808300308112441 -0.042470876577742928 0.21938219247286428 0.50898582267737214 0.1358387650407496 0.28896135872602463 -0.095579260116538139 -0.63714966888611135 -0.27670586560453686 -0.077677176261352288 0.13182373508176906 0.22357050842709014 -0.03513738811016083 -0.19788316249847415
leaf_weight=572 24 122 276 122 100 95 563 21 30 54 42 22 32 20
leaf_count=572 24 122 276 122 100 95 563 21 30 54 42 22 32 20
internal_value=0.000750886 -0.0830613 0.218598 0.256414 -0.0186143 0.105641 -0.0598442 -0.171452 -0.000223973 0.170189 0.419449 -0.147106 0.157612 -0.46876
internal_weight=2095 1515 580 494 880 217 663 635 86 330 164 594 56 41
internal_count=2095 1515 580 494 880 217 663 635 86 330 164 594 56 41
is_linear=0
shrinkage=0.05


Tree=8
num_leaves=14
num_cat=0
split_feature=114 114 24 114 117 74 107 98 10 32 0 94 112
split_gain=13971.3 2817.14 2108.39 2045.4 2033.08 2752.42 1651.31 1653.08 1529.25 1503.33 1457.12 1361 738.092
threshold=47.250000000000007 42.250000000000007 -0.48124999900658921 51.250000000000007 10.500000000000002 -0.33333333333333331 -0.071484162161747591 0.13213869463869468 -0.96684288367657556 -0.035044940188527107 17.500000000000004 0.25694444444444448 -0.083333333333333329
decision_type=10 8 8 10 10 8 8 10 8 10 10 10 10
left_child=1 2 -1 6 5 -5 7 -2 12 -10 -8 -4 -3
right_child=3 8 11 4 -6 -7 10 -9 9 -11 -12 -13 -14
leaf_value=0.23411352836659979 0.35621778483277766 -0.04358669495582581 -0.2616598236536854 0.11782927777920221 -0.065826977879712076 0.52777286171913151 0.091611261768703656 -0.0078115275367460352 0.001663503788594652 -0.12367994265480493 -0.28143013469104111 -0.010326560458966665 0.31107567447153006
leaf_weight=23 111 20 335 69 28 112 272 42 514 441 24 65 39
leaf_count=23 111 20 335 69 28 112 272 42 514 441 24 65 39
internal_value=0.000753911 -0.0865688 -0.194234 0.190747 0.319143 0.379133 0.128015 0.258887 -0.0408736 -0.0565082 0.0570261 -0.221573 0.196057
internal_weight=2095 1437 423 658 209 181 449 153 1014 955 296 400 59
internal_count=2095 1437 423 658 209 181 449 153 1014 955 296 400 59
is_linear=0
shrinkage=0.05


Tree=9
num_leaves=14
num_cat=0
split_feature=117 110 20 84 45 39 38 119 38 0 27 0 77
split_gain=4059.18 2173.7 2230.35 2075.68 2241.64 1946.98 1946.23 1757.14 2929.13 2016.09 1249.13 1203.96 961.038
threshold=6.5000000000000009 0.24001805041916671 2.7739849718807172 -972.49999999999989 8.5000000000000018 -4.4999999999999991 -0.0062431593253146509 0.59540632646530878 -0.067939335637910797 14.500000000000002 0.08078157653411229 8.5000000000000018 -0.16741148491079605
decision_type=8 10 10 10 2 10 10 8 10 10 10 10 8
left_child=1 3 10 4 -1 11 -5 8 -7 -9 -3 12 -2
right_child=5 2 -4 6 -6 7 -8 9 -10 -11 -12 -13 -14
leaf_value=0.090643950716636279 0.0042548353302067727 0.54020079712203717 -0.073314374363100218 0.065677011714714392 0.52268496453762059 0.12121233205134806 -0.11368131217790174 0.22427768478339372 -0.13147670040123685 -0.19247776687145235 0.10180768296122551 0.078303198657619463 -0.33872004918663245
leaf_weight=398 24 52 32 316 28 143 281 105 511 35 27 25 118
leaf_count=398 24 52 32 316 28 143 281 105 511 35 27 25 118
internal_value=0.000815735 0.0647798 0.270144 0.0412428 0.124891 -0.0745561 -0.0189045 -0.0411528 -0.0756488 0.1167 0.405944 -0.227268 -0.282239
internal_weight=2095 1134 111 1023 426 961 597 794 654 140 79 167 142
internal_count=2095 1134 111 1023 426 961 597 794 654 140 79 167 142
is_linear=0
shrinkage=0.05


Tree=10
num_leaves=15
num_cat=0
split_feature=0 65 33 5 23 74 40 58 36 25 100 81 15 77
split_gain=2307.98 2999.86 2933.35 2157.55 1857.55 1815.99 1781.02 1683.82 1591.48 1460.03 1386.16 1275.09 1011.13 730.865
threshold=5.5000000000000009 0.396362204104662 5.5000000000000009 -1.2382668064478406 -0.31719576719576714 2.5833333333333339 0.0089880952380951857 -0.32277946920804051 0.0065972954034805584 -0.11432121159391871 0.21944444444444439 0.61263351142406475 0.0091845517357190837 -0.086172555806115256
decision_type=8 10 2 10 8 10 8 10 10 10 10 10 8 8
left_child=1 5 4 12 9 8 -6 -5 -1 -2 11 -3 -4 -7
right_child=2 10 3 7 6 13 -8 -9 -10 -11 -12 -13 -14 -15
leaf_value=-0.097182846342724172 0.14425422416792974 -0.23987843304116657 -0.53263813069788746 0.23584928592307525 0.22814445466262431 0.42945321649312973 0.062402813336666446 -0.060745013030495926 0.054694915432834404 -0.21818709284369209 0.01611531786620617 -0.69018044295134373 -0.10031716192469878 0.06491174170294324
leaf_weight=491 40 64 27 52 287 23 379 293 260 69 27 22 29 32
leaf_count=491 40 64 27 52 287 23 379 293 260 69 27 22 29 32
internal_value=0.00088559 -0.0582824 0.0472165 -0.0619798 0.103816 -0.0235908 0.135068 -0.0131674 -0.0445219 -0.0842492 -0.29382 -0.387214 -0.336151 0.241274
internal_weight=2095 919 1176 401 775 806 666 345 751 109 113 86 56 55
internal_count=2095 919 1176 401 775 806 666 345 751 109 113 86 56 55
is_linear=0
shrinkage=0.05


Tree=11
num_leaves=15
num_cat=0
split_feature=117 70 30 118 56 81 24 1 112 50 42 66 56 85
split_gain=3840.34 2848.27 2069.51 2503.46 2276.55 2175.56 1921.39 2283.78 1838.56 1732.77 1569.26 1486.34 1441.53 1256.11
threshold=1.5000000000000002 0.5590277777777779 -0.048832819863621667 -0.16666666666666605 0.015319972219517012 -3.7405891219774881 -0.32715201154760598 -0.16636715460169524 -0.22499999950329455 0.31978291271564868 -0.062247539109963154 0.11382208097810774 -0.028483428951724513 1.0620632184363206
decision_type=8 2 8 8 8 10 10 8 8 8 10 8 8 8
left_child=2 6 5 8 -5 -1 7 -2 -4 13 -8 -7 -11 -3
right_child=1 9 3 4 -6 11 10 -9 -10 12 -12 -13 -14 -15
leaf_value=0.32015604033614653 0.26225288563661953 0.0052067019276123136 0.30857915825881932 0.37126578197705967 0.082818822001035408 -0.26738984496665319 0.038763223284034323 -0.066581478343824996 -0.057815655476103227 -0.046610847413539887 -0.18796207122993891 0.049944261005422208 0.25136315375566481 -0.36204659438133241
leaf_weight=28 61 334 38 158 125 79 88 259 163 55 490 63 134 20
leaf_count=28 61 334 38 158 125 79 88 259 163 55 490 63 134 20
internal_value=0.000757583 -0.0448121 0.100818 0.153147 0.247683 -0.0479965 -0.0992858 -0.000673292 0.0170188 0.0452678 -0.153321 -0.129351 0.165427 -0.0201562
internal_weight=2095 1441 654 484 283 170 898 320 201 543 578 142 189 354
internal_count=2095 1441 654 484 283 170 898 320 201 543 578 142 189 354
is_linear=0
shrinkage=0.05


Tree=12
num_leaves=15
num_cat=0
split_feature=114 114 44 74 92 24 47 65 54 44 24 25 43 94
split_gain=12097.8 2414.42 2039.27 2170.92 2047.86 1831.77 1724.43 1698.57 1670.27 1514.26 1540.24 1466.4 1307.05 1243.86
threshold=47.250000000000007 42.250000000000007 -0.034058980973687501 0.33333333333333376 -0.098393305287354724 -0.48124999900658921 1.3333333333333324 0.1869496610015631 0.018634259259259271 -0.060685648415911543 0.23779761535780775 -0.28224778510123344 -0.065666666666666706 0.19444444444444439
decision_type=10 8 8 10 8 8 10 10 10 8 10 8 10 10
left_child=1 5 6 4 -4 -1 7 -2 -5 10 -3 -11 -8 -7
right_child=2 9 3 8 -6 13 12 -9 -10 11 -12 -13 -14 -15
leaf_value=0.21899859585932324 0.25489395296939743 0.024026854276657107 -0.19364197515906434 0.22835470635368671 0.19509510110989708 -0.25152814249221073 0.10514582825764535 -0.21100749877782971 0.57923573148228336 -0.27672320480987028 0.4161346534267068 -0.043284069338133779 -0.31980618796450028 -0.035217263006969639
leaf_weight=23 82 120 34 94 297 313 26 21 62 69 27 798 42 87
leaf_count=23 82 120 34 94 297 313 26 21 62 69 27 798 42 87
internal_value=0.000805651 -0.08045 0.177603 0.229335 0.152728 -0.180126 0.0276603 0.15407 0.381776 -0.0381403 0.107695 -0.0633998 -0.160567 -0.20562
internal_weight=2095 1437 658 487 331 423 171 103 156 1014 147 867 68 400
internal_count=2095 1437 658 487 331 423 171 103 156 1014 147 867 68 400
is_linear=0
shrinkage=0.05


Tree=13
num_leaves=14
num_cat=0
split_feature=114 114 8 10 6 96 41 9 41 54 19 30 27
split_gain=11027.9 2508.07 1717.04 2360.25 1676.9 1567.31 1538.92 1632.93 1602.02 1396.79 1346.49 1306.02 782.58
threshold=47.750000000000007 43.750000000000007 0.09453571428571432 0.11824892816380268 -2.538860609134038 0.30715233506634837 1.7665012651019627 -0.11689814814814814 -1.1770635088284813 0.18293650793650798 -0.018110958859324445 -0.0097086416845697712 0.034712821245193488
decision_type=10 8 8 10 8 10 10 8 8 8 10 8 10
left_child=1 4 3 -3 9 -6 7 -2 -9 -1 -8 -4 -12
right_child=6 2 11 -5 5 -7 10 8 -10 -11 12 -13 -14
leaf_value=-0.15483483001589776 -0.16655354292654412 0.13754548009599435 -0.21694682064525625 -0.077068632844786503 -0.11801235602579163 0.19774704900654883 0.58452246772443384 0.3057093621225011 0.095712160772006769 -0.43284242386237176 0.28947930803620503 -0.023286382674372622 -0.044030310557438779
leaf_weight=133 36 288 136 223 390 39 36 136 280 73 71 233 21
leaf_count=133 36 288 136 223 390 39 36 136 280 73 71 233 21
internal_value=0.000847591 -0.0701286 -0.0152005 0.0439519 -0.145458 -0.0872443 0.185342 0.139068 0.167299 -0.261511 0.337 -0.0967424 0.214491
internal_weight=2095 1515 880 511 635 429 580 452 416 206 128 369 92
internal_count=2095 1515 880 511 635 429 580 452 416 206 128 369 92
is_linear=0
shrinkage=0.05


Tree=14
num_leaves=15
num_cat=0
split_feature=117 42 27 25 40 103 85 24 65 50 80 78 76 51
split_gain=3294.22 1790.38 1683.18 2232.52 2195.53 2189.06 1958.79 1910.66 1704.87 1491.02 1669.49 1291.38 1162.79 624.226
threshold=6.5000000000000009 -0.072600452079629132 -0.028547103206316645 0.073861561519416488 0.066666666666666721 0.02083742175759239 -0.08370103855157128 -0.083041954030106932 0.396362204104662 -0.29999999999999993 -0.15057634109726697 -0.037140635152657801 -0.15397727272727271 -0.063137776590883724
decision_type=8 8 8 8 10 10 10 10 10 8 8 10 10 10
left_child=2 12 5 8 -5 7 -7 -1 -4 11 -11 -3 -2 -14
right_child=1 9 3 4 -6 6 -8 -9 -10 10 -12 -13 13 -15
leaf_value=-0.23699038373775405 -0.070022785205107477 -0.036958069462950036 0.21573622264625991 0.087818807645423991 -0.17965491231565084 0.35655415361297543 -0.045414292722037342 0.034968749692708981 -0.09513791782351641 0.13945179904500646 -0.081369376024387416 -0.27506818428315633 0.068498358461591941 0.43643086845986545
leaf_weight=134 34 91 363 254 104 53 61 118 47 97 532 158 22 27
leaf_count=134 34 91 363 254 104 53 61 118 47 97 532 158 22 27
internal_value=0.000846538 -0.0670507 0.0584712 0.100332 0.00857489 -0.0294008 0.148175 -0.111247 0.179262 -0.088228 -0.0464058 -0.190685 0.148686 0.293801
internal_weight=2095 961 1134 768 358 366 114 252 410 878 629 249 83 49
internal_count=2095 961 1134 768 358 366 114 252 410 878 629 249 83 49
is_linear=0
shrinkage=0.05


Tree=15
num_leaves=15
num_cat=0
split_feature=114 114 44 92 59 4 89 8 50 114 0 70 84 85
split_gain=9773.47 2279.53 1550.93 1646.87 1509.12 1657.62 1647.26 1491.61 1503.11 1406.4 1367.7 1129.82 1055.13 748.452
threshold=47.750000000000007 45.250000000000007 -0.06129564617134009 0.11094869673093948 0.31004940687368321 2.2888252411911885 -6.3333333333333339 0.041841666666666673 1.207060574506428 51.250000000000007 5.5000000000000009 0.63068181818181823 -1669.0999999999997 0.049767168699461191
decision_type=10 8 8 10 10 10 10 8 10 10 10 2 8 10
left_child=1 4 10 9 5 -1 -6 8 -3 -4 -2 -12 -9 -5
right_child=2 7 3 13 6 -7 -8 12 -10 -11 11 -13 -14 -15
leaf_value=-0.11659944055971641 -0.23342061486272586 0.12802256668700759 0.10183406526652666 0.60049252039507817 -0.17682164552665891 -0.40413723533803769 0.22697158147348093 0.1265302118103383 -0.2588058976190431 0.28973068681834108 0.39439311623573303 -0.055034112360547574 -0.10875282667285087 0.16745181152453792
leaf_weight=781 37 261 281 33 37 50 59 54 23 159 20 29 250 21
leaf_count=781 37 261 281 33 37 50 59 54 23 159 20 29 250 21
internal_value=0.000839787 -0.0659765 0.174526 0.208342 -0.114619 -0.136274 0.0697987 0.0109456 0.0925863 0.172338 -0.019945 0.147012 -0.0654262 0.461398
internal_weight=2095 1515 580 494 927 831 96 588 284 440 86 49 304 54
internal_count=2095 1515 580 494 927 831 96 588 284 440 86 49 304 54
is_linear=0
shrinkage=0.05


Tree=16
num_leaves=13
num_cat=0
split_feature=114 114 94 30 85 117 114 81 56 6 114 40
split_gain=8870.59 2188.08 2023.14 1698.31 1807.7 1574.46 1872.33 1659.71 1483.94 1407.2 1279.73 1271.75
threshold=47.750000000000007 39.250000000000007 0.20000000000000004 0.0074825326983745302 0.75273241169229976 10.500000000000002 54.750000000000007 -2.1740914527326818 0.060623392672479182 6.2069249952832868 49.750000000000007 -0.032539682539682584
decision_type=10 8 10 10 8 10 10 10 10 10 10 8
left_child=1 2 11 8 -5 6 9 -7 -3 -2 -9 -1
right_child=5 3 -4 4 -6 7 -8 10 -10 -11 -12 -13
leaf_value=-0.51564571314443974 0.20412677531676399 -0.07187892499790656 0.083785802850852145 0.054012343225107479 -0.22588299705288734 -0.29729257416394023 0.533732066527009 0.37982417568564419 -0.35478712254762651 -0.043102090273584637 -0.078720228757177088 -0.14565320317897032
leaf_weight=54 396 768 32 508 60 31 35 23 45 65 30 48
leaf_count=54 396 768 32 508 60 31 35 23 45 65 30 48
internal_value=0.000878971 -0.0627753 -0.252105 -0.0435251 0.0226456 0.166349 0.199974 -0.0317153 -0.0896721 0.169072 0.134998 -0.356941
internal_weight=2095 1515 134 1381 568 580 496 84 813 461 53 102
internal_count=2095 1515 134 1381 568 580 496 84 813 461 53 102
is_linear=0
shrinkage=0.05


Tree=17
num_leaves=15
num_cat=0
split_feature=114 114 94 44 11 92 108 47 30 85 43 65 98 43
split_gain=8071.62 1876.95 1845.14 1733.13 1572.93 1989.22 1588.43 1539.08 1527.21 1568.54 1492.69 1455.35 1389.19 1174.06
threshold=47.250000000000007 39.250000000000007 0.20000000000000004 -0.034058980973687501 -0.4166666666666678 -0.057284934306952216 -0.011671969197270355 1.3333333333333324 0.0074825326983745302 1.0356201712241049 0.0043333333333333427 0.1869496610015631 -0.090738428238428245 -0.065666666666666706
decision_type=10 8 10 8 10 10 10 10 10 8 8 10 10 10
left_child=1 2 12 7 6 -6 -5 11 10 -10 -3 -2 -1 -9
right_child=3 8 -4 4 5 -7 -8 13 9 -11 -12 -13 -14 -15
leaf_value=0.0091905359868650095 0.22124077401969627 0.016140642959287327 0.08016263327083073 0.21033120983342332 0.036757895737096216 0.37254407672371181 -0.037384874887507538 0.084156651073886507 0.041685889121812897 -0.29564153539973337 -0.13565885687273913 -0.20890693787771922 -0.43234176532748869 -0.32019036623074659
leaf_weight=22 82 227 32 145 61 170 111 26 497 32 547 21 80 42
leaf_count=22 82 227 32 145 61 170 111 26 497 32 547 21 80 42
internal_value=0.000773418 -0.0655939 -0.240539 0.145189 0.192854 0.286743 0.104073 0.00753566 -0.0467137 0.0186097 -0.0912568 0.127466 -0.340663 -0.169727
internal_weight=2095 1437 134 658 487 231 256 171 1303 529 774 103 102 68
internal_count=2095 1437 134 658 487 231 256 171 1303 529 774 103 102 68
is_linear=0
shrinkage=0.05


Tree=18
num_leaves=14
num_cat=0
split_feature=114 114 76 76 87 25 117 114 81 0 66 32 114
split_gain=7338.46 1918.14 1592.49 2122.6 1488.16 1869.58 1443.32 1702.19 1544.08 1398.84 1344.86 1328.71 1169.86
threshold=47.750000000000007 43.750000000000007 -0.1157196969696969 -0.23577380952380947 -0.003275732859037823 0.1146003659231767 10.500000000000002 54.750000000000007 -2.1740914527326818 22.500000000000004 0.56588086671035864 -0.047120740326742322 49.750000000000007
decision_type=10 8 8 8 8 8 10 10 10 10 10 10 10
left_child=1 4 3 -3 5 -1 7 9 -8 -2 -6 -4 -10
right_child=6 2 11 -5 10 -7 8 -9 12 -11 -12 -13 -14
leaf_value=-0.11556548542793146 0.1753257685959711 -0.031560626373750955 0.012809204545409717 0.27772697272896768 -0.079990459993522264 -0.38947371608332587 -0.29388743957711594 0.50123277364298702 0.35746542560269257 -0.18263601044813793 0.27047144405543805 -0.12951651623799351 -0.080450468063354499
leaf_weight=204 436 122 383 95 316 90 31 35 23 25 25 280 30
leaf_count=204 436 122 383 95 316 90 31 35 23 25 25 280 30
internal_value=0.000694519 -0.0571998 -0.00918388 0.106822 -0.123072 -0.204693 0.1512 0.183411 -0.0380526 0.154055 -0.050615 -0.0477429 0.12316
internal_weight=2095 1515 880 217 635 294 580 496 84 461 341 663 53
internal_count=2095 1515 880 217 635 294 580 496 84 461 341 663 53
is_linear=0
shrinkage=0.05


Tree=19
num_leaves=15
num_cat=0
split_feature=70 109 26 92 53 115 1 21 56 46 48 64 112 38
split_gain=2147.16 2348.99 1711.3 1701.44 1733.49 2414.41 1727.49 1915.79 1579.82 1544.1 1422.09 1172.17 939.482 900.85
threshold=0.69615384615384623 -7.8180964787801086 0.62638394402134223 0.067073647870737538 -0.018823084258069393 0.031398905930390193 -0.28604115075237729 15.07878787878788 -0.019322950082406257 -0.0072037501940413326 -0.18008995180328682 -0.87125097125097095 -0.033333337306976317 -0.022148953035343266
decision_type=2 8 8 10 10 10 8 10 10 10 10 10 8 10
left_child=3 12 9 6 8 -6 11 -8 -5 -3 -4 -1 -2 -14
right_child=1 2 10 4 5 -7 7 -9 -10 -11 -12 -13 13 -15
leaf_value=0 0.092977091218485977 0.06509396594304305 0.33927329525351529 -0.34206971965338057 0.27208419155404473 -0.10068482741240473 -0.07993206029444154 0.12463195665380147 0.048224313862352486 0.39055155624945959 -0.012762553936668806 0.48092856216430668 -0.0019685815634398625 -0.39782187374862465
leaf_weight=26 28 60 30 33 144 58 1184 122 78 100 156 20 24 32
leaf_count=26 28 60 30 33 144 58 1184 122 78 100 156 20 24 32
internal_value=0.000690978 0.0996565 0.157005 -0.0250596 0.0790924 0.164963 -0.0494111 -0.0603821 -0.077121 0.274479 0.0511508 0.236472 -0.131553 -0.243057
internal_weight=2095 430 346 1665 313 202 1352 1306 111 160 186 46 84 56
internal_count=2095 430 346 1665 313 202 1352 1306 111 160 186 46 84 56
is_linear=0
shrinkage=0.05


Tree=20
num_leaves=16
num_cat=0
split_feature=114 0 114 103 66 44 47 88 14 47 92 54 42 101 20
split_gain=6539.06 1711.38 1682.91 2129.88 1760.52 1561.82 1412.4 1506.85 1478.91 1382.59 1381.62 2190.26 1935.6 959.065 903.2
threshold=47.250000000000007 10.500000000000002 38.750000000000007 -0.24589090348620499 0.6795530544477516 -0.034058980973687501 0.83333333333333581 -0.084433682728558765 -0.16025641025641033 1.3333333333333324 -0.060099111657147146 0.046792328042328087 -0.057962399186308092 63.500000000000007 2.450957617158346
decision_type=10 8 10 10 10 8 8 8 10 10 10 8 10 8 10
left_child=1 2 3 -1 -4 9 8 -8 -3 14 12 -12 -7 -11 -2
right_child=5 6 4 -5 -6 10 7 -9 -10 13 11 -13 -14 -15 -16
leaf_value=0.046245872097856862 0.18770064106960407 -0.017250039161991897 -0.091514928507610172 -0.45901645171371375 0.30629962600510696 0.20559938550705004 -0.1942020622060055 0.028629885762929921 0.22383058705359452 -0.41914403200149536 0.093433804079890256 0.36394231526437637 -0.11580046853598427 -0.032105655012265692 -0.15195375331319297
leaf_weight=29 82 132 768 61 24 100 122 185 116 20 145 162 80 48 21
leaf_count=29 82 132 768 61 24 100 122 185 116 20 145 162 80 48 21
internal_value=0.000763084 -0.0589701 -0.102064 -0.301818 -0.0775513 0.13075 0.00972547 -0.0614551 0.0975109 0.000278169 0.175993 0.239883 0.0632157 -0.167537 0.114159
internal_weight=2095 1437 882 90 792 658 555 307 248 171 487 307 180 68 103
internal_count=2095 1437 882 90 792 658 555 307 248 171 487 307 180 68 103
is_linear=0
shrinkage=0.05


Tree=21
num_leaves=16
num_cat=0
split_feature=114 114 65 59 41 41 38 63 8 10 3 73 108 17 112
split_gain=5936.72 1661.23 1518.49 1375.54 1346.81 1408.88 2369.97 1955.22 1270.12 1724.35 1214.03 1148.05 1002.95 999.307 417.568
threshold=47.750000000000007 45.250000000000007 0.36103387673695886 0.31004940687368321 1.7665012651019627 -1.1571395834396172 -0.036089922110603072 0.40972222222222227 0.041841666666666673 0.030427398964753247 1669.1000000000001 -0.04394781323415891 -0.0054261992962398786 -4.430555820465087 0.1333333313465119
decision_type=10 8 10 10 10 10 8 10 8 10 10 10 10 10 8
left_child=1 2 3 -1 5 6 -2 -7 9 -3 -10 -4 14 -14 -6
right_child=4 8 11 -5 12 7 -8 -9 10 -11 -12 -13 13 -15 -16
leaf_value=-0.09027550200547052 0.46317965712463649 0.2105752270592198 -0.4752141892910004 0.11832996580875321 0.19810734599314889 -0.044779292598832399 0.08429687296073618 0.37982754092062676 -0.10678271543930251 -0.032469229012526371 0.13358627914159157 -0.13305171333253382 -0.099342185018524043 0.26852467966322996 0.53784404152478926
leaf_weight=731 52 141 37 84 24 211 163 26 242 143 62 75 26 44 34
leaf_count=731 52 141 37 84 24 211 163 26 242 143 62 75 26 44 34
internal_value=0.000720726 -0.0513494 -0.0928804 -0.0681237 0.136093 0.0934692 0.184605 0.00848069 0.0142723 0.0895797 -0.0562299 -0.261993 0.277061 0.133708 0.424937
internal_weight=2095 1515 927 815 580 452 215 237 588 284 304 112 128 70 58
internal_count=2095 1515 927 815 580 452 215 237 588 284 304 112 128 70 58
is_linear=0
shrinkage=0.05


Tree=22
num_leaves=14
num_cat=0
split_feature=114 114 10 94 22 0 41 44 56 114 67 51 6
split_gain=5408.57 1554.89 1676.3 1449.51 1288.56 1671.9 1404.66 1189.15 1326.38 1184.93 1064.32 1236.35 697.899
threshold=47.750000000000007 41.750000000000007 -0.96684288367657556 -0.055555555555555629 0.75000055447914804 22.500000000000004 1.7665012651019627 -0.0024636059466426534 -0.011870619685996618 39.750000000000007 -0.0293033809090654 0.027266297489404689 2.3663549396830303
decision_type=10 8 8 8 10 10 10 8 10 10 10 10 10
left_child=1 7 12 -4 5 6 -2 8 -1 -9 -6 -12 -3
right_child=4 2 3 -5 10 -7 -8 9 -10 -11 11 -13 -14
leaf_value=-0.14017661754946106 0.066761767372217659 0.053213542753032278 0.047917468662072027 -0.075356677298275443 -0.037962716825306414 -0.27814349914933073 0.28108883922093086 -0.34612837325585516 0.14972014570157627 -0.10581985138412704 0.48410091463536509 0.083686432967314858 0.37518594303301406
leaf_weight=98 352 37 350 723 20 24 95 90 59 128 57 32 30
leaf_count=98 352 37 350 723 20 24 95 90 59 128 57 32 30
internal_value=0.000854019 -0.0488453 -0.0195044 -0.035064 0.130065 0.0921779 0.115028 -0.13648 -0.0296673 -0.21079 0.282119 0.352773 0.214118
internal_weight=2095 1515 1140 1073 580 471 447 375 157 218 109 89 67
internal_count=2095 1515 1140 1073 580 471 447 375 157 218 109 89 67
is_linear=0
shrinkage=0.05


Tree=23
num_leaves=14
num_cat=0
split_feature=114 114 39 74 65 25 111 67 58 117 43 0 38
split_gain=4951.15 2316.88 1612.38 1768.58 1397.68 1448.15 1587.37 1501.7 1236.2 1756.04 1555.27 1044.56 853.593
threshold=45.250000000000007 51.250000000000007 -3.4999999999999996 -0.33333333333333331 0.36103387673695886 0.073861561519416488 -0.0041389586403965941 0.012949014082551004 -0.32786174638853222 6.5000000000000009 -0.080500000000000002 7.5000000000000009 0.038721182710915229
decision_type=8 10 8 8 10 8 10 10 8 10 8 10 10
left_child=4 8 -3 -4 5 7 -7 -1 10 -10 -2 12 -6
right_child=1 2 3 -5 11 6 -8 -9 9 -11 -12 -13 -14
leaf_value=-0.065440035874513067 0.48849034000326086 -0.15011561225567546 0.052104166617066086 0.37748358173370367 -0.42061137510324598 -0.035144416553278761 -0.24205079082703074 0.12674246825181043 0.060548756970825159 -0.10340573646962037 0.084327588577466805 0.0096377821967882273 -0.041620510587325465
leaf_weight=294 22 23 66 120 62 199 173 149 440 253 244 29 21
leaf_count=294 22 23 66 120 62 199 173 149 440 253 244 29 21
internal_value=0.000878947 0.0692531 0.218138 0.266675 -0.0851268 -0.0614058 -0.133434 0 0.0357908 0.000308763 0.126335 -0.247311 -0.333103
internal_weight=2095 1168 209 186 927 815 372 443 959 693 266 112 83
internal_count=2095 1168 209 186 927 815 372 443 959 693 266 112 83
is_linear=0
shrinkage=0.05


Tree=24
num_leaves=15
num_cat=0
split_feature=114 114 93 100 56 35 65 89 56 94 110 0 38 93
split_gain=4518.79 1571.77 1491.4 2008.6 1489.24 1523.53 1479.79 1672.45 1605.51 1270.7 1210.71 1164.64 831.513 555.173
threshold=46.250000000000007 51.250000000000007 -0.11481149308383463 0.14444444444444443 -0.046743404709229504 0.073144935345044362 0.41720530856400734 3.6666666666666665 0.040107226276090376 -0.46249999999999997 0.22799830328828349 9.5000000000000018 0.041379050322557683 0.26528406329452997
decision_type=10 10 8 10 8 10 10 10 10 8 10 8 10 8
left_child=6 2 3 -2 -3 -6 7 9 -9 -1 -4 12 -8 -13
right_child=1 4 10 -5 5 -7 11 8 -10 -11 -12 13 -14 -15
leaf_value=0.21994890227462305 0.069553507886883012 -0.13911027563735842 -0.03317317831787369 0.45912003557643166 0.35163939525301641 0.042130324542522433 -0.39775594726965674 0.091483146704160245 -0.15624277215541862 -0.098897811447394929 0.17911279261296179 -0.1557082493717854 -0.04453433320440095 0.17424166971445085
leaf_weight=28 128 24 388 41 125 60 66 320 77 697 76 21 24 20
leaf_count=28 128 24 388 41 125 60 66 320 77 697 76 21 24 20
internal_value=0.000850588 0.0901518 0.0499862 0.174828 0.207558 0.255272 -0.0592388 -0.0401046 0.0419655 -0.0850931 0.00303002 -0.215254 -0.311391 0.00560059
internal_weight=2095 842 633 169 209 185 1253 1122 397 725 464 131 90 41
internal_count=2095 842 633 169 209 185 1253 1122 397 725 464 131 90 41
is_linear=0
shrinkage=0.05


Tree=25
num_leaves=14
num_cat=0
split_feature=117 43 118 47 43 95 116 80 30 38 2 42 78
split_gain=2147.88 1660.32 2150.22 2773.38 1716.89 1668.25 1355.43 1194.5 1607.14 1810.35 1569.99 1496.26 452.635
threshold=1.5000000000000002 -0.059166666666666652 -0.055555820465087884 -6.0000000000000027 0.11416666666666668 0.26726190476190487 0.58007078268565249 -0.15057634109726697 -0.072800347022712222 -0.073112544710056848 -0.084799430333077894 -0.0061560190090682856 -0.0037388578057289119
decision_type=8 10 8 10 10 10 8 8 10 10 8 10 10
left_child=1 2 3 -1 6 -4 -3 8 12 -10 -9 -12 -2
right_child=7 4 5 -5 -6 -7 -8 10 9 -11 11 -13 -14
leaf_value=0.22446623329857462 -0.028336521480232482 0.23490508147443717 0.042673546871482643 -0.27441045336763964 -0.14569167370019959 0.46179382077285225 -0.096597088188738439 0.31121884132253719 0.41690676552749689 0.048597301887487301 -0.0081763416749026513 -0.12033019236091798 -0.31018809630320621
leaf_weight=33 35 255 168 105 38 23 32 24 41 129 628 563 21
leaf_count=33 35 255 168 105 38 23 32 24 41 129 628 563 21
internal_value=0.000874941 0.0757114 -0.00357091 -0.151087 0.154959 0.103892 0.196751 -0.0331995 0.0711749 0.147084 -0.0528671 -0.061516 -0.151612
internal_weight=2095 654 329 138 325 191 287 1441 226 170 1215 1191 56
internal_count=2095 654 329 138 325 191 287 1441 226 170 1215 1191 56
is_linear=0
shrinkage=0.05


Tree=26
num_leaves=14
num_cat=0
split_feature=117 20 95 113 22 42 110 21 39 65 0 87 73
split_gain=1990.48 1589.02 1711.06 1650.11 1646.3 1532.24 1526.64 1300.64 1147.05 1537.71 1033.14 875.867 657.517
threshold=6.5000000000000009 -1.1716358386188657 0.35816498316498319 0.16324680404921946 -0.589086207767065 -0.072600452079629132 0.25022940710186964 15.07878787878788 -4.4999999999999991 -0.13194155786186454 8.5000000000000018 -0.043383187536771083 0.012712925559643541
decision_type=8 8 10 10 8 8 10 10 10 8 10 10 10
left_child=1 2 4 6 -1 11 -3 -5 10 -10 -7 -2 -13
right_child=5 3 -4 7 -6 8 -8 -9 9 -11 -12 12 -14
leaf_value=0.15773156492988458 -0.040039839074015621 0.10571739977502544 -0.40759527683258057 -0.063255381135091396 -0.077117323222023151 -0.24735387665911249 0.38766427327286118 0.2930853161318549 -0.16726444282747333 -0.0010852051036422115 0.086764952242374419 0.41378528024211081 0.037188250638544564
leaf_weight=101 35 474 24 214 247 131 50 24 183 539 25 28 20
leaf_count=101 35 474 24 214 247 131 50 24 183 539 25 28 20
internal_value=0.000920102 0.0457177 -0.0385525 0.0869058 -0.0075468 -0.0518532 0.136125 -0.0218249 -0.0714873 -0.0441349 -0.192467 0.147534 0.276125
internal_weight=2095 1134 372 762 348 961 524 238 878 722 156 83 48
internal_count=2095 1134 372 762 348 961 524 238 878 722 156 83 48
is_linear=0
shrinkage=0.05


Tree=27
num_leaves=14
num_cat=0
split_feature=114 114 19 45 17 64 84 25 119 25 40 94 33
split_gain=4025.67 1813.93 1434.49 1645.86 1404.75 1932.69 1344.99 1532.94 1645.21 1103.44 1013.55 763.762 666.183
threshold=45.250000000000007 51.250000000000007 -0.024454436264932156 3.5000000000000004 -4.8263889948527003 0.6064944314944315 -113.99999999999999 0.12371233666024796 0.26916183717548853 0.20974338498327375 -0.11666666666666663 0.13888888888888892 2.5000000000000004
decision_type=8 10 10 2 8 8 8 8 8 10 10 8 2
left_child=6 4 11 -4 10 -6 7 8 -1 -9 -2 -3 -8
right_child=1 2 3 -5 5 -7 12 9 -10 -11 -12 -13 -14
leaf_value=-0.086320397924890546 0.077604003982811143 0.51326067834052924 0.24696592886935217 -0.0918652058524244 0.11911522818714702 -0.042342395350745285 0.34080990529977362 -0.27210112278681087 0.12148202362139363 -0.079459952205032505 -0.17949338501350862 0.16336997209525692 0.0096078366517674107
leaf_weight=445 53 38 72 63 506 287 21 158 116 149 113 36 38
leaf_count=445 53 38 72 63 506 287 21 158 116 149 113 36 38
internal_value=0.000929838 0.0625854 0.194336 0.0908539 0.0329613 0.0607192 -0.0766201 -0.0925363 -0.0425704 -0.181536 -0.0972467 0.36479 0.145691
internal_weight=2095 1168 209 135 959 793 927 868 561 307 166 74 59
internal_count=2095 1168 209 135 959 793 927 868 561 307 166 74 59
is_linear=0
shrinkage=0.05


Tree=28
num_leaves=14
num_cat=0
split_feature=114 44 74 42 65 35 72 28 10 38 65 52 114
split_gain=3655.3 1328.09 1711.2 1405.85 1248.02 1494.88 2016.55 1706.76 1304.86 1358.72 1124.5 1283.44 919.92
threshold=47.250000000000007 -0.034058980973687501 1.0000000000000002 -0.025100975946346065 0.41720530856400734 -0.0045107574512561052 8.9166666666666696 -6.8673634330431623 -0.44352060066507487 0.037368492021200982 0.19929148411999151 1.0720779220779224 49.250000000000007
decision_type=10 8 10 8 10 10 10 10 10 10 10 10 10
left_child=4 10 3 -3 5 6 -1 -7 -6 -10 11 -2 -4
right_child=1 2 12 -5 8 7 -8 -9 9 -11 -12 -13 -14
leaf_value=-0.092509457200001866 0.10274596996312067 0.23457709366487245 0.14350573057653729 0.027389612155218075 0.08274607860889191 0.26994619479713344 0.15322379117157867 0.0037325009634282362 -0.38234901060531667 -0.02439584884237736 -0.27987078095183654 -0.28940455278754235 0.46534040104259144
leaf_weight=762 122 113 49 275 34 67 89 371 72 42 29 20 50
leaf_count=762 122 113 49 275 34 67 89 371 72 42 29 20 50
internal_value=0.000984612 0.0981753 0.139923 0.0900743 -0.0436703 -0.0274824 -0.0660067 0.0471547 -0.178826 -0.257458 -0.021034 0.0392083 0.321087
internal_weight=2095 658 487 388 1437 1289 851 438 148 114 171 142 99
internal_count=2095 658 487 388 1437 1289 851 438 148 114 171 142 99
is_linear=0
shrinkage=0.05


Tree=29
num_leaves=15
num_cat=0
split_feature=0 65 79 94 6 91 3 57 88 38 94 70 48 88
split_gain=1509.18 1697.48 1527.19 1828.57 2252.43 1557.78 1303.42 1223.2 1206.65 1139.97 1083.11 970.883 886.827 838.893
threshold=5.5000000000000009 0.396362204104662 -2.4999999999999996 -0.037499999999999971 0.76088268061478925 -0.5 2235.6500000000001 1.5434670149570422 0.51709521530816971 -0.066676574552353832 -0.043055555555555562 0.67708333333333337 -0.078538117309411362 -0.049983095377683633
decision_type=8 10 8 8 10 8 8 10 10 8 8 2 10 10
left_child=1 6 5 4 -4 -2 7 -1 12 -5 -10 -7 -3 -8
right_child=2 8 3 9 -6 11 13 -9 10 -11 -12 -13 -14 -15
leaf_value=0.021804753698649128 0.19441792979473022 -0.086329350054264065 0.3012951946774729 0.17723882573215588 0.033430602033348647 -0.21192697977233266 -0.31240092395194652 -0.19118501555919648 0.20897816169261932 -0.009693651084671729 -0.20391816056587478 0.071248609181947822 -0.52520116559970076 0.040109634840929949
leaf_weight=661 36 20 148 90 165 130 53 70 20 571 39 36 34 22
leaf_count=661 36 20 148 90 165 130 53 70 20 571 39 36 34 22
internal_value=0.000988319 -0.0468531 0.038457 0.0644387 0.162992 -0.0851102 -0.0207191 0.000180829 -0.22406 0.016823 -0.0577804 -0.149935 -0.384595 -0.212329
internal_weight=2095 919 1176 974 313 202 806 731 113 661 59 166 54 75
internal_count=2095 919 1176 974 313 202 806 731 113 661 59 166 54 75
is_linear=0
shrinkage=0.05


Tree=30
num_leaves=14
num_cat=0
split_feature=114 117 114 3 72 58 0 4 92 36 81 85 20
split_gain=3380.83 1609.25 2105.1 1659.65 1379.75 1354.32 1390.64 1192.7 1421.89 1309.96 1287.55 1168.39 541.735
threshold=45.250000000000007 1.5000000000000002 49.750000000000007 1892.8000000000004 7.416666666666667 -0.42187203228869835 24.500000000000004 2.2888252411911885 0.067073647870737538 0.11150333782037096 -2.2076134284337359 -0.42097887686660113 -1.1716358386188657
decision_type=8 8 8 10 10 8 8 10 10 10 8 8 10
left_child=7 2 3 -2 -4 11 -7 8 10 -10 -1 -3 -9
right_child=1 5 4 -5 -6 6 -8 12 9 -11 -12 -13 -14
leaf_value=-0.23339782936542522 -0.019314197513994307 0.32755474557097142 0.32551212251480477 0.33585054706304507 -0.029933513096860938 0.012596157613760709 -0.18271072908588079 -0.45768338463924546 0.14549427254262245 -0.12292392511865986 -0.055530070394755861 0.051266692836343511 -0.12814536450430752
leaf_weight=122 206 47 147 34 32 435 110 22 138 62 548 157 35
leaf_count=122 206 47 147 34 32 435 110 22 138 62 548 157 35
internal_value=0.000880316 0.0573843 0.135243 0.036624 0.26261 0.0131547 -0.0280353 -0.0701858 -0.0546627 0.0610721 -0.089481 0.121474 -0.282795
internal_weight=2095 1168 419 240 179 749 545 927 870 200 670 204 57
internal_count=2095 1168 419 240 179 749 545 927 870 200 670 204 57
is_linear=0
shrinkage=0.05


Tree=31
num_leaves=14
num_cat=0
split_feature=114 117 114 84 116 84 25 63 119 58 0 85 33
split_gain=3072.07 1459.31 1900.76 1557.08 1285.02 1259.54 1384.2 1626.07 1524.97 1231.57 1260.58 1066.42 594.122
threshold=45.250000000000007 1.5000000000000002 49.750000000000007 -1817.3499999999997 0.231448014548126 -113.99999999999999 0.073861561519416488 0.18273809523809528 0.26916183717548853 -0.42187203228869835 24.500000000000004 -0.42097887686660113 2.5000000000000004
decision_type=8 8 8 10 10 8 8 10 8 8 8 8 2
left_child=5 2 3 -2 -4 6 8 -8 -1 11 -11 -3 -7
right_child=1 9 4 -5 -6 12 7 -9 -10 10 -12 -13 -14
leaf_value=-0.07154926905437306 0.32061254583299159 0.31275179067519138 0.16871236995474934 -0.019874458440767958 0.49520176616172462 0.33244245052337651 -0.19932121955587165 0.068264762451216363 0.1416745887555739 0.011973506555130537 -0.17397238911817903 0.048782476069934577 0.018140361440736195
leaf_weight=383 35 47 141 205 38 21 317 66 102 435 110 157 38
leaf_count=383 35 47 141 205 38 21 317 66 102 435 110 157 38
internal_value=0.000828995 0.0546922 0.128836 0.0351056 0.249868 -0.0669131 -0.0823443 -0.152795 -0.0256162 0.0125695 -0.0267063 0.115865 0.148024
internal_weight=2095 1168 419 240 179 927 868 383 485 749 545 204 59
internal_count=2095 1168 419 240 179 927 868 383 485 749 545 204 59
is_linear=0
shrinkage=0.05


Tree=32
num_leaves=11
num_cat=0
split_feature=114 43 3 110 114 4 92 81 45 107
split_gain=2780.66 1448.65 1156.02 1464.57 1380.25 1107.26 1278.61 1174.71 1129.2 465.931
threshold=45.250000000000007 -0.16466666666666668 608.10000000000002 0.25394069403409963 51.750000000000007 2.2888252411911885 0.067073647870737538 -2.2076134284337359 5.5000000000000009 0.07440760110815367
decision_type=8 8 10 10 10 10 10 8 2 10
left_child=5 -2 3 -3 -4 6 7 -1 -8 -7
right_child=1 2 4 -5 -6 9 8 -9 -10 -11
leaf_value=-0.21899984019449145 0.40186363237685169 -0.048531915393890818 0.049719087097879602 0.2980420913660165 0.23446258833495581 -0.37521419624487562 -0.017000701608557305 -0.049196962222194211 0.23542867028154435 -0.069573018460401467
leaf_weight=122 24 395 603 28 118 34 141 548 59 23
leaf_count=122 24 395 603 28 118 34 141 548 59 23
internal_value=0.000966574 0.0522121 0.0431164 -0.0222602 0.0814299 -0.0634817 -0.0485526 -0.0815836 0.061148 -0.268248
internal_weight=2095 1168 1144 423 721 927 870 670 200 57
internal_count=2095 1168 1144 423 721 927 870 670 200 57
is_linear=0
shrinkage=0.05


end of trees

feature_importances:
opening_total_away=51
wind_speed_home=18
diff_opening_spread=16
diff_proe_roll3=12
diff_fourth_down_success_rate_std=11
diff_leading_def_epa_roll3=11
diff_wr_weighted_separation_roll3=10
diff_fg_pct_roll3=10
diff_rb_time_to_los_roll6=9
diff_def_explosive_rush_rate_roll3=9
win_pct_home=9
diff_off_explosive_rush_rate_roll3=8
diff_def_explosive_rush_rate_std=8
diff_def_penalties_drawn_roll3=8
diff_early_down_run_rate_roll6=8
diff_away_off_epa_roll6=8
diff_rb_weighted_epa_roll3=7
diff_qb_pressure_rate_roll3=7
diff_pace_roll3=7
diff_skill_injury_impact_roll3=7
diff_opp_fumble_recovery_rate_std=7
diff_wr_te_weighted_epa_roll3=7
travel_miles_away=6
diff_adj_off_epa_std=6
diff_punt_return_avg_std=6
diff_travel_miles=6
diff_off_cpoe_roll6=5
diff_skill_injury_impact_std=5
diff_off_avg_drive_plays_std=5
diff_fourth_down_success_rate_roll6=5
diff_wr_weighted_yac_oe_roll3=4
losses_away=4
diff_win_streak=4
diff_ko_touchback_rate_roll6=4
wins_home=4
diff_off_penalty_yards_roll3=4
diff_own_fumble_recovery_rate_std=4
diff_def_three_and_out_rate_roll3=4
diff_off_epa_per_play_std=3
diff_qb_pressure_rate_std=3
diff_def_penalty_yards_std=3
diff_wr_weighted_yac_oe_roll6=3
diff_rb_weighted_ryoe_roll3=3
diff_off_success_rate_roll3=3
diff_leading_off_epa_roll6=3
diff_nondiv_def_epa_roll3=3
diff_off_rush_epa_roll3=3
diff_own_fumble_recovery_rate_std_roll3=3
diff_off_avg_drive_plays_roll3=3
diff_leading_off_epa_std=3
ats_margin_avg3_away=3
diff_qb_dakota_roll6=3
diff_leading_def_epa_roll6=3
diff_ko_return_avg_roll3=3
diff_away_off_epa_roll3=3
diff_off_sack_rate_roll6=2
diff_ko_return_avg_std=2
diff_off_sack_rate_roll3=2
diff_opp_fumble_recovery_rate_std_std=2
diff_leading_def_epa_std=2
diff_def_rz_pass_rate_roll6=2
diff_div_def_epa_std=2
diff_off_penalties_drawn_std=2
diff_off_pass_epa_roll6=2
diff_fg_pct_long_std=2
diff_def_sack_rate_roll3=2
coaching_tenure_home=2
diff_off_third_down_rate_std=2
diff_off_sos_score_std=2
diff_def_third_down_rate_roll3=2
diff_def_sos_score_std=2
diff_leading_off_epa_roll3=2
diff_off_rz_td_rate_roll3=2
diff_trailing_off_epa_std=2
diff_def_epa_per_play_roll3=2
diff_off_explosive_rush_rate_roll6=2
diff_trailing_off_epa_roll6=2
diff_rb_weighted_epa_std=1
diff_off_three_and_out_rate_roll6=1
diff_def_penalty_yards_drawn_roll6=1
diff_adj_def_epa_std=1
diff_off_penalties_std=1
diff_off_success_rate_roll6=1
diff_wins=1
diff_off_avg_drive_yards_std=1
diff_nondiv_off_epa_roll6=1
diff_skill_target_share_hhi_roll6=1
diff_def_explosive_pass_rate_roll3=1
diff_off_rz_epa_roll3=1
diff_wr_te_weighted_epa_std=1
diff_def_epa_per_play_roll6=1
win_streak_away=1
diff_fg_att_roll6=1
diff_home_def_epa_roll3=1
diff_win_pct=1
temperature_away=1
diff_off_cpoe_roll3=1
diff_def_avg_drive_yards_roll6=1
diff_def_sack_rate_roll6=1
diff_wr_weighted_separation_roll6=1
diff_off_explosive_pass_rate_roll3=1

parameters:
[boosting: gbdt]
[objective: regression]
[metric: l2]
[tree_learner: serial]
[device_type: cpu]
[data_sample_strategy: bagging]
[data: ]
[valid: ]
[num_iterations: 500]
[learning_rate: 0.05]
[num_leaves: 31]
[num_threads: 16]
[seed: 42]
[deterministic: 0]
[force_col_wise: 1]
[force_row_wise: 0]
[histogram_pool_size: -1]
[max_depth: 4]
[min_data_in_leaf: 20]
[min_sum_hessian_in_leaf: 0.001]
[bagging_fraction: 0.8]
[pos_bagging_fraction: 1]
[neg_bagging_fraction: 1]
[bagging_freq: 0]
[bagging_seed: 400]
[bagging_by_query: 0]
[feature_fraction: 0.7]
[feature_fraction_bynode: 1]
[feature_fraction_seed: 30056]
[extra_trees: 0]
[extra_seed: 12879]
[early_stopping_round: 0]
[early_stopping_min_delta: 0]
[first_metric_only: 0]
[max_delta_step: 0]
[lambda_l1: 1]
[lambda_l2: 5]
[linear_lambda: 0]
[min_gain_to_split: 0]
[drop_rate: 0.1]
[max_drop: 50]
[skip_drop: 0.5]
[xgboost_dart_mode: 0]
[uniform_drop: 0]
[drop_seed: 17869]
[top_rate: 0.2]
[other_rate: 0.1]
[min_data_per_group: 100]
[max_cat_threshold: 32]
[cat_l2: 10]
[cat_smooth: 10]
[max_cat_to_onehot: 4]
[top_k: 20]
[monotone_constraints: ]
[monotone_constraints_method: basic]
[monotone_penalty: 0]
[feature_contri: ]
[forcedsplits_filename: ]
[refit_decay_rate: 0.9]
[cegb_tradeoff: 1]
[cegb_penalty_split: 0]
[cegb_penalty_feature_lazy: ]
[cegb_penalty_feature_coupled: ]
[path_smooth: 0]
[interaction_constraints: ]
[verbosity: -1]
[saved_feature_importance_type: 0]
[use_quantized_grad: 0]
[num_grad_quant_bins: 4]
[quant_train_renew_leaf: 0]
[stochastic_rounding: 1]
[linear_tree: 0]
[max_bin: 255]
[max_bin_by_feature: ]
[min_data_in_bin: 3]
[bin_construct_sample_cnt: 200000]
[data_random_seed: 175]
[is_enable_sparse: 1]
[enable_bundle: 1]
[use_missing: 1]
[zero_as_missing: 0]
[feature_pre_filter: 1]
[pre_partition: 0]
[two_round: 0]
[header: 0]
[label_column: ]
[weight_column: ]
[group_column: ]
[ignore_column: ]
[categorical_feature: ]
[forcedbins_filename: ]
[precise_float_parser: 0]
[parser_config_file: ]
[objective_seed: 16083]
[num_class: 1]
[is_unbalance: 0]
[scale_pos_weight: 1]
[sigmoid: 1]
[boost_from_average: 1]
[reg_sqrt: 0]
[alpha: 0.9]
[fair_c: 1]
[poisson_max_delta_step: 0.7]
[tweedie_variance_power: 1.5]
[lambdarank_truncation_level: 30]
[lambdarank_norm: 1]
[label_gain: ]
[lambdarank_position_bias_regularization: 0]
[eval_at: ]
[multi_error_top_k: 1]
[auc_mu_weights: ]
[num_machines: 1]
[local_listen_port: 12400]
[time_out: 120]
[machine_list_filename: ]
[machines: ]
[gpu_platform_id: -1]
[gpu_device_id: -1]
[gpu_use_dp: 0]
[num_gpu: 1]

end of parameters

pandas_categorical:[]
