tree
version=v4
num_class=1
num_tree_per_iteration=1
label_index=0
max_feature_idx=79
objective=regression
feature_names=coaching_tenure_home diff_adj_def_epa_roll3 diff_adj_def_epa_std diff_away_def_epa_roll3 diff_away_off_epa_roll3 diff_away_off_epa_std diff_def_avg_drive_plays_roll3 diff_def_avg_drive_plays_std diff_def_avg_drive_yards_std diff_def_explosive_rush_rate_std diff_def_penalty_yards_drawn_roll6 diff_def_rz_epa_roll3 diff_def_rz_epa_roll6 diff_def_rz_success_rate_roll6 diff_def_rz_td_rate_std diff_def_sack_rate_roll3 diff_def_sack_rate_roll6 diff_def_third_down_rate_roll3 diff_def_three_and_out_rate_roll3 diff_div_def_epa_roll6 diff_div_def_epa_std diff_div_off_epa_roll6 diff_div_off_epa_std diff_division_rank diff_fg_att_std diff_fg_pct_long_std diff_fourth_down_success_rate_roll6 diff_fourth_down_success_rate_std diff_home_off_epa_roll6 diff_ko_return_avg_std diff_ko_touchback_rate_std diff_leading_def_epa_std diff_leading_off_epa_roll3 diff_leading_off_epa_std diff_nondiv_def_epa_roll3 diff_nondiv_def_epa_roll6 diff_off_avg_drive_yards_roll6 diff_off_cpoe_roll6 diff_off_drives_per_game_std diff_off_epa_per_play_roll3 diff_off_epa_per_play_std diff_off_explosive_rush_rate_roll3 diff_off_penalty_yards_roll3 diff_off_penalty_yards_std diff_off_rush_epa_roll3 diff_off_rush_epa_roll6 diff_off_rz_epa_roll3 diff_off_rz_epa_roll6 diff_off_rz_pass_rate_std diff_off_rz_success_rate_roll6 diff_off_rz_trips_roll6 diff_off_sack_rate_std diff_off_sos_score_roll6 diff_off_success_rate_roll6 diff_off_third_down_rate_roll3 diff_off_third_down_rate_roll6 diff_off_three_and_out_rate_roll6 diff_off_top_seconds_std diff_opening_spread diff_opp_fumble_recovery_rate_std diff_opp_fumble_recovery_rate_std_roll3 diff_own_fumble_recovery_rate_std_std diff_pace_roll3 diff_proe_roll3 diff_rb_weighted_epa_roll3 diff_rb_weighted_epa_std diff_skill_injury_impact_roll3 diff_skill_injury_impact_std diff_trailing_def_epa_roll6 diff_trailing_def_epa_std diff_trailing_off_epa_roll6 diff_travel_miles diff_tz_diff opening_total_away temperature_away travel_miles_away win_pct_away win_pct_home wind_speed_home wins_home
feature_infos=[1:17] [-0.71541596949100494:0.88652980327606201] [-0.71541596949100494:0.88652980327606201] [-0.74047915264964104:0.81195994466543198] [-0.95676788687705994:0.98236359283328056] [-0.73939523100852966:0.84628571569919586] [-3.833333333333333:3.2272727272727275] [-3.833333333333333:3.2272727272727275] [-34.377778053283691:34.656564712524414] [-0.2424242424242424:0.20042417815482502] [-69:77] [-2.8487167047957578:2.7074642988542714] [-2.2391043901443481:2.4243320624033609] [-0.69230768084526062:0.8333333283662796] [-1:1] [-0.16011972352862358:0.1666666716337204] [-0.14705882966518402:0.1666666716337204] [-0.57142859697341919:0.56666663289070129] [-0.46153846153846156:0.40909090909090906] [-0.86481103301048279:0.78134894371032715] [-0.77946552634239197:0.78134894371032715] [-0.75205850601196289:1.0891301482915878] [-0.75205850601196289:1.0891301482915878] [-3:3] [-4:4] [-1:1] [-1:1] [-1:1] [-0.62429746985435486:1.1150727421045303] [-48.5:47.125] [-1:1] [-5.3859257698059082:5.3745922148227692] [-8.9221019198497142:8.8304748088121414] [-4.8015694357454777:5.439639899879694] [-0.73443540185689926:0.88652980327606201] [-0.65543012320995331:0.88652980327606201] [-39.345456123352051:36.8675217628479] [-30.688534736633301:38.514461517333984] [-8:7] [-0.89615999162197113:0.84700344502925873] [-0.89615999162197113:0.84700344502925873] [-0.23076923076923078:0.2533333333333333] [-75:50] [-75:50] [-0.67900723963975906:1.0113861858844757] [-0.67900723963975906:1.0113861858844757] [-3.2184919714927673:2.6077703610062599] [-3.2184919714927673:2.1583511233329773] [-0.71428570151329041:0.8333333283662796] [-0.73333331942558289:0.84615384042263031] [-6:5] [-0.16287340596318245:0.14610389992594719] [-0.73939523100852966:0.81203330308198929] [-0.38152013719081879:0.27322402596473694] [-0.44230771064758301:0.62727269530296326] [-0.44230771064758301:0.62727269530296326] [-0.4116161616161616:0.57575757575757569] [-984:879] [-33:43] [-1:1] [-1:1] [-1:1] [-34:32] [-0.32302161097758625:0.34008444829653667] [-8.528332817309348:10.559087289124728] [-7.6779916545954237:10.559087289124728] [-2.9489422087868058:2.8925925925374032] [-2.4974933153018357:2.3574074074074076] [-2.9358330816030502:2.9467598820726075] [-1.6924982778728008:1.6416833959519863] [-2.5981578990817069:2.2618493437767029] [-2719.8000000000002:1992.7000000000003] [-8:3] [10.5:63.5] [1:97] [0:5266.8000000000002] [0:1] [0:1] [0:71] [0:14]
tree_sizes=1354 1249 1431 1518 1433 1411 1417 1420 1250 1426 1257 1515 1431 1505 1258 1427

Tree=0
num_leaves=15
num_cat=0
split_feature=73 73 35 78 27 37 39 23 65 38 67 37 51 58
split_gain=21960.3 5200.32 2809.53 2763.35 2508.94 2221.69 2074.09 1898.16 1833.22 1699.15 1682.62 1376.88 1295.56 683.7
threshold=47.750000000000007 42.250000000000007 0.11688532799113698 8.5000000000000018 -0.48124999900658921 -3.007461309432983 -0.094182411519189671 1.5000000000000002 0.58784439119934195 -1.2 -0.68645425354174894 -1.0275271932284034 -0.01937019526958465 6.5000000000000009
decision_type=10 8 10 10 8 10 10 10 8 8 10 10 10 10
left_child=1 4 6 5 -1 7 -3 -2 11 -6 -4 -5 -7 -10
right_child=3 2 10 8 9 12 -8 -9 13 -11 -12 -13 -14 -15
leaf_value=45.71614216911815 46.031622408442573 45.404832766525537 45.620809568762553 45.476962998379776 45.490212618314821 45.882747272199751 45.562204929977888 45.631865546921404 45.142854773885823 45.177535705425235 45.253618588106725 45.898006579331209 45.636002075106454 45.486144662746149
leaf_weight=23 142 360 33 35 50 76 486 43 21 350 213 37 192 34
leaf_count=23 142 360 33 35 50 76 486 43 21 350 213 37 192 34
internal_value=45.4936 45.3934 45.4515 45.7539 45.2456 45.8112 45.4951 45.9451 45.5448 45.216 45.3046 45.7049 45.712 45.3359
internal_weight=2095 1515 1092 580 423 453 846 185 127 400 246 72 268 55
internal_count=2095 1515 1092 580 423 453 846 185 127 400 246 72 268 55
is_linear=0
shrinkage=1


Tree=1
num_leaves=13
num_cat=0
split_feature=73 73 22 27 35 73 9 31 49 58 38 38
split_gain=19885.3 4694.46 2666.08 2286.59 2231.48 1943.62 2105.46 1973.56 1870.8 1587.28 1788.66 1535.09
threshold=47.750000000000007 42.250000000000007 0.19910576262045654 -0.48124999900658921 0.11688532799113698 51.250000000000007 -0.046743404709229504 0.073144935345044362 0.0018181353807449621 22.500000000000004 0.093073593073593322 -1.2
decision_type=10 8 10 8 10 10 8 10 10 10 10 8
left_child=1 3 4 -1 -3 9 -7 -8 -4 10 -2 -5
right_child=5 2 8 11 -6 6 7 -9 -10 -11 -12 -13
leaf_value=0.2134441673755646 0.098392298546536736 -0.027360178801509111 -0.031933122544604189 -0.0031914878975261348 -0.20840462738866206 -0.058259478314169527 0.53722773951693226 0.16952792112643902 0.33468521702289583 -0.19567264510052546 0.32928629938560805 -0.30044190811439297
leaf_weight=23 197 742 63 50 217 24 125 60 70 23 151 350
leaf_count=23 197 742 63 50 217 24 125 60 70 23 151 350
internal_value=9.7407e-05 -0.095217 -0.0399489 -0.235645 -0.0692468 0.247837 0.36995 0.425836 0.165797 0.174907 0.201966 -0.263907
internal_weight=2095 1515 1092 423 959 580 209 185 133 371 348 400
internal_count=2095 1515 1092 423 959 580 209 185 133 371 348 400
is_linear=0
shrinkage=0.05


Tree=2
num_leaves=15
num_cat=0
split_feature=78 77 41 35 38 75 61 22 63 59 62 25 20 41
split_gain=7057.12 3183.97 2424.25 2566.44 2183.76 2022.04 2150.11 1961.59 1925.43 1837.25 1609.21 1278.55 695.019 363.717
threshold=6.5000000000000009 0.69615384615384623 -0.070180023297563773 0.11963682272471489 0.74166666666666725 1634.0000000000002 -0.7700892857142857 0.18283510301262143 -0.12966932686377194 -0.15397727272727271 -6.9999999999999956 0.41815476190476192 -0.063137776590883724 -0.0075701690285023609
decision_type=8 2 8 10 10 10 10 10 10 10 8 8 10 10
left_child=1 7 9 10 -5 6 -3 8 -1 -2 -4 -9 -11 -7
right_child=2 5 3 4 -6 13 -8 11 -10 12 -12 -13 -14 -15
leaf_value=0.17798789782183511 -0.11749641182945997 -0.11311897085263178 0.095364912189878859 -0.37056901911149426 0.094579266971259401 0.71437992191314703 0.26433632916460437 0.32622555251950508 -0.02201802770566437 0.083605167159327753 -0.11249757696319528 -0.095511300206184396 0.47103706756058861 0.28151252841949465
leaf_weight=142 36 47 106 145 28 20 145 82 658 22 595 20 29 20
leaf_count=142 36 47 106 145 28 20 145 82 658 22 595 20 29 20
internal_value=0.000192215 0.0845265 -0.0991946 -0.124377 -0.294462 0.247745 0.171159 0.0413562 0.0143059 0.146253 -0.0805426 0.242466 0.327189 0.554385
internal_weight=2095 1134 961 874 173 232 192 902 800 87 701 102 51 40
internal_count=2095 1134 961 874 173 232 192 902 800 87 701 102 51 40
is_linear=0
shrinkage=0.05


Tree=3
num_leaves=16
num_cat=0
split_feature=73 73 61 27 73 35 8 1 55 40 67 31 16 48 59
split_gain=17724.9 3750.1 2323.98 2600.38 2247.9 2020.29 2949.34 1757.37 1816.03 1613.99 1599.45 1470.33 1649.91 1162.54 391.793
threshold=47.250000000000007 42.250000000000007 0.34464969636844639 -0.41666666542490322 51.250000000000007 0.11688532799113698 5.7206137804757988 -0.078447579095760958 -0.094166996578375475 0.11042454873492559 -0.49682547910989294 0.083539013314293711 -0.010351872537285088 -0.010974779602263006 -0.041396103896103896
decision_type=10 8 10 8 10 10 10 8 10 10 10 10 8 10 10
left_child=1 2 3 -1 7 6 -3 8 -2 -9 -7 12 -6 -13 -4
right_child=4 5 14 -5 11 10 -8 9 -10 -11 -12 13 -14 -15 -16
leaf_value=0.30531680197627459 -0.0691590515896678 -0.039542686282828581 -0.25553214198350904 -0.20878915606217896 0.67135755925808316 0.061164714294975088 0.27385195663110135 0.1395484895290186 0.37084250060947443 -0.12826983449426857 -0.24258907087147238 0.34505265401676299 0.29176868539480938 -0.066006172391084528 -0.65767878048560202
leaf_weight=22 27 701 20 352 48 54 79 235 118 69 180 27 100 34 29
leaf_count=22 27 701 20 352 48 54 79 235 118 69 180 27 100 34 29
internal_value=0.000384726 -0.0979732 -0.222181 -0.174787 0.214382 -0.0452736 -0.00619563 0.148348 0.289004 0.077507 -0.17247 0.349229 0.433122 0.127537 -0.533322
internal_weight=2095 1437 423 374 658 1014 780 449 145 304 234 209 148 61 49
internal_count=2095 1437 423 374 658 1014 780 449 145 304 234 209 148 61 49
is_linear=0
shrinkage=0.05


Tree=4
num_leaves=15
num_cat=0
split_feature=73 73 22 27 35 49 10 54 63 22 32 70 70 70
split_gain=16088.8 3796.16 2262.31 1948.55 1734.35 1654.92 1618.29 1751.81 2764.6 1228.07 1351.41 1017 927.61 710.827
threshold=47.750000000000007 42.250000000000007 0.19910576262045654 -0.48124999900658921 0.11688532799113698 0.0018181353807449621 -0.33333333333333032 -0.11795843144257863 -0.0018243143332434748 -0.01218418039691945 0.07617221120744945 0.45158901422594994 0.11663254152517767 -0.24582253377884625
decision_type=10 8 10 8 10 10 10 10 10 10 10 10 10 10
left_child=1 3 4 -1 -3 -4 9 13 -9 12 -11 -5 -2 -8
right_child=6 2 5 11 -6 -7 7 8 -10 10 -12 -13 -14 -15
leaf_value=0.20237623006105424 0.14352869937496801 -0.025618286359022902 -0.031865831689142129 -0.26206971365857767 -0.18526019266395422 0.3128010542790095 0.19478986471891405 0.53840889459696872 0.18943499216640539 -0.1358110980248787 0.22471145493228262 0.016342738196253776 0.41416055437591343 -0.15558172272784371
leaf_weight=23 150 742 63 365 217 70 25 113 127 66 36 35 40 23
leaf_count=23 150 742 63 365 217 70 25 113 127 66 36 35 40 23
internal_value=0.000458505 -0.0852743 -0.035571 -0.211555 -0.062567 0.153936 0.223299 0.307423 0.361582 0.13638 -0.00354597 -0.237684 0.209919 0.0271209
internal_weight=2095 1515 1092 423 959 133 580 288 240 292 102 400 190 48
internal_count=2095 1515 1092 423 959 133 580 288 240 292 102 400 190 48
is_linear=0
shrinkage=0.05


Tree=5
num_leaves=15
num_cat=0
split_feature=73 73 78 73 78 63 50 27 46 6 9 26 38 78
split_gain=14629.6 3062.26 2143.78 2859.84 1964.41 2561.39 2038.77 1776.1 1619.2 1504.34 1503.92 1452.16 1382.22 1233.3
threshold=47.250000000000007 42.250000000000007 8.5000000000000018 49.750000000000007 6.5000000000000009 -0.058273912380337502 0.18333333333333338 -0.48124999900658921 -0.62130522852142644 0.52364672364672427 -0.032462072221924855 -0.38777777850627893 -1.2 12.500000000000002
decision_type=10 8 8 10 8 8 8 8 8 10 10 10 8 10
left_child=1 7 3 9 6 -6 -3 -1 -5 -2 13 -12 -9 -4
right_child=2 4 10 8 5 -7 -8 12 -10 -11 11 -13 -14 -15
leaf_value=0.19406434957470214 0.1899985447112057 -0.067320715453658073 0.031079283332274783 0.0013214107602834702 0.10166734434117418 -0.17434044370813948 0.12653784637967513 0.01755693673918193 0.41350450594280219 -0.10318493807719926 0.48882548022270211 0.060389705655413586 -0.26062970042438577 -0.40846253161629043
leaf_weight=23 175 281 37 27 104 376 253 50 217 54 20 106 350 22
leaf_count=23 175 281 37 27 104 376 253 50 217 54 20 106 350 22
internal_value=0.000609433 -0.0887469 0.195027 0.25105 -0.0411177 -0.114004 0.0247552 -0.200991 0.369037 0.119922 0.0486881 0.144839 -0.225945 -0.151143
internal_weight=2095 1437 658 473 1014 480 534 423 244 229 185 126 400 59
internal_count=2095 1437 658 473 1014 480 534 423 244 229 185 126 400 59
is_linear=0
shrinkage=0.05


Tree=6
num_leaves=15
num_cat=0
split_feature=73 73 61 78 73 59 59 22 5 37 65 37 28 42
split_gain=13242.4 3221.32 2109.62 2070.7 2095.47 1876.35 2460.46 2254.12 1699.71 1651.15 1506.38 1295.92 1020.6 630.013
threshold=47.750000000000007 43.750000000000007 0.34464969636844639 8.5000000000000018 55.250000000000007 -0.1157196969696969 -0.23577380952380947 0.19910576262045654 0.16474705242241425 -3.007461309432983 0.58784439119934195 0.37157262613376002 0.085341327493855118 1.1666666666666645
decision_type=10 8 10 10 10 8 10 10 10 10 8 10 10 8
left_child=1 2 8 4 9 6 -3 -7 -1 -2 11 -5 -4 -12
right_child=3 5 12 10 -6 7 -8 -9 -10 -11 13 -13 -14 -15
leaf_value=-0.16113325107305168 0.33614412597534093 -0.037821975045316807 -0.53417267492919596 -0.0070363420612958019 0.65932152761567031 -0.090960477842002202 0.29508834993839267 0.18615869984718128 0.093288829659607705 0.13284866988658905 -0.35102696375061693 0.40559625780830788 -0.092661572419680094 -0.01929957029911188
leaf_weight=494 177 122 48 44 26 584 95 79 72 250 21 28 21 34
leaf_count=494 177 122 48 44 26 584 95 79 72 250 21 28 21 34
internal_value=0.000656461 -0.0771221 -0.162488 0.202828 0.252388 -0.014896 0.111061 -0.0567191 -0.128148 0.22015 0.0228069 0.1687 -0.415816 -0.16549
internal_weight=2095 1515 635 580 453 880 217 663 566 427 127 72 69 55
internal_count=2095 1515 635 580 453 880 217 663 566 427 127 72 69 55
is_linear=0
shrinkage=0.05


Tree=7
num_leaves=15
num_cat=0
split_feature=73 78 73 64 61 4 38 73 78 10 1 55 52 21
split_gain=12030 2786.21 2718.3 2344.05 2135.94 2076.6 1806.99 1770.18 1871.68 1925.2 1575.65 1790.95 1556.16 1394.64
threshold=47.250000000000007 6.5000000000000009 39.750000000000007 -1.1716358386188657 1.0000000180025095e-35 0.23007708514342087 -0.84271978021978 51.250000000000007 10.500000000000002 3.1666666666666701 -0.078447579095760958 0.0034142049650351118 -0.29386864167948562 0.033762667328119285
decision_type=10 8 8 8 8 10 10 10 10 8 8 10 8 8
left_child=1 3 6 4 -1 -5 -3 10 9 -9 11 -2 -4 -12
right_child=7 2 12 5 -6 -7 -8 8 -10 -11 13 -13 -14 -15
leaf_value=0.03965534067906018 0.058879613674975732 0.02086236428182859 0.22271970687981915 0.00077304693650285812 -0.25566990995034578 0.25923514974870016 -0.4906518299221283 0.18497479660159882 -0.071643716006567978 0.5236224585109287 0.18827132769884208 0.41148477827693208 -0.12742666029531344 -0.029925872139670524
leaf_weight=101 69 21 29 393 145 92 79 96 28 85 112 76 577 192
leaf_count=101 69 21 29 393 145 92 79 96 28 85 112 76 577 192
internal_value=0.000718202 -0.0803091 -0.150791 -0.0116081 -0.135845 0.0520479 -0.386879 0.17702 0.296468 0.354078 0.118656 0.251582 -0.108903 0.0520464
internal_weight=2095 1437 706 731 246 485 100 658 209 181 449 145 606 304
internal_count=2095 1437 706 731 246 485 100 658 209 181 449 145 606 304
is_linear=0
shrinkage=0.05


Tree=8
num_leaves=13
num_cat=0
split_feature=73 73 61 59 59 22 58 23 31 30 5 28
split_gain=10930 2775.1 1905.38 1688.5 2233.78 1997.81 1496.09 1751.55 2372.06 1749.32 1492.27 912.393
threshold=47.750000000000007 43.750000000000007 0.34464969636844639 -0.1157196969696969 -0.23577380952380947 0.19910576262045654 24.500000000000004 1.5000000000000002 0.036311654091941939 0.1507936507936509 0.16474705242241425 0.085341327493855118
decision_type=10 8 10 8 10 10 10 10 10 8 10 10
left_child=1 2 10 4 -3 -5 7 9 -9 -2 -1 -4
right_child=6 3 11 5 -6 -7 -8 8 -10 -11 -12 -13
leaf_value=-0.14744429952410873 0.31451968664247354 -0.03453778598721572 -0.50153351364270704 -0.084049823973169763 0.28269387148320674 0.17681334256416276 -0.18782069771378129 0.20063177244876751 -0.2687008383538988 0.10536208404172323 0.0908036817010347 -0.084840274544862607
leaf_weight=494 294 122 48 584 95 79 22 62 40 162 72 21
leaf_count=494 294 122 48 584 95 79 22 62 40 162 72 21
internal_value=0.000798383 -0.0698618 -0.149094 -0.0121129 0.107356 -0.0518009 0.184473 0.200777 0.0121569 0.242271 -0.11652 -0.389691
internal_weight=2095 1515 635 880 217 663 580 558 102 456 566 69
internal_count=2095 1515 635 880 217 663 580 558 102 456 566 69
is_linear=0
shrinkage=0.05


Tree=9
num_leaves=15
num_cat=0
split_feature=73 58 73 33 57 22 9 22 36 19 70 47 2 75
split_gain=9885.27 2338.98 2266.63 1862.69 1764.55 1830.91 1640.88 2695.22 1781.37 3087.14 1583.07 1461.26 1202.65 1099.08
threshold=47.250000000000007 10.500000000000002 38.750000000000007 0.6795530544477516 -82.386904761904802 0.11972384601055334 -0.034418420832646471 -0.10771168302744626 3.6787520249684662 0.070923289672161161 -0.24582253377884625 -0.078786644029120598 0.093974515640487297 414.95000000000005
decision_type=10 8 10 10 8 10 8 8 10 8 10 10 10 10
left_child=1 2 10 -4 11 -6 7 -2 9 -8 -1 -3 -10 -9
right_child=6 4 3 -5 5 -7 8 13 12 -11 -12 -13 -14 -15
leaf_value=-0.051070533465180139 -0.38332475003387251 0.46169977531664907 -0.10889662630533146 0.3008054668019558 -0.094718429502324175 0.11208534179420411 0.41104929555272096 0.4086315207040081 -0.017945028875620311 0.12703645326733842 -0.49740554643794899 0.027473965348029622 0.35466638293403846 0.017854260187596085
leaf_weight=31 30 31 768 24 327 153 168 21 126 231 59 44 21 61
leaf_count=31 30 31 768 24 327 153 168 21 126 231 59 44 21 61
internal_value=0.000739641 -0.0727086 -0.123085 -0.0946095 0.00764354 -0.0282207 0.160557 -0.0129365 0.19603 0.250352 -0.354974 0.225218 0.0448719 0.136239
internal_weight=2095 1437 882 792 555 480 658 112 546 399 90 75 147 82
internal_count=2095 1437 882 792 555 480 658 112 546 399 90 75 147 82
is_linear=0
shrinkage=0.05


Tree=10
num_leaves=13
num_cat=0
split_feature=73 73 33 61 58 23 31 57 71 35 22 63
split_gain=8995.87 2397.67 1518.86 1367.84 1335.05 1638.2 2128.18 1495.71 1307.41 1165.86 881.053 793.878
threshold=47.750000000000007 45.250000000000007 0.56588086671035864 0.34464969636844639 22.500000000000004 1.5000000000000002 0.036311654091941939 109.76388888888881 -599.39999999999998 0.11089886445552112 0.19910576262045654 -0.010295168516652806
decision_type=10 8 10 10 10 10 10 8 8 10 10 10
left_child=1 2 3 -1 5 7 -7 -2 9 -3 -10 -4
right_child=4 8 11 -5 -6 6 -8 -9 10 -11 -12 -13
leaf_value=-0.10611883393956278 0.29271276706973914 0.12528771413733936 0.34601992833614353 -0.30442751982424521 -0.1342813904086749 0.18284833942776296 -0.26170783061120245 0.096203380991355517 -0.11013933929511972 -0.085281409477365441 0.1764636382941277 -0.015551763045645895
leaf_weight=774 292 272 20 96 31 62 40 155 208 82 26 37
leaf_count=774 292 272 20 96 31 62 40 155 208 82 26 37
internal_value=0.000832176 -0.0632701 -0.113161 -0.129673 0.167467 0.185654 0.00396249 0.226501 0.0155917 0.0758641 -0.0750599 0.128183
internal_weight=2095 1515 927 870 580 549 102 447 588 354 234 57
internal_count=2095 1515 927 870 580 549 102 447 588 354 234 57
is_linear=0
shrinkage=0.05


Tree=11
num_leaves=16
num_cat=0
split_feature=73 73 35 8 19 37 41 14 31 30 21 33 64 54 32
split_gain=8124.14 2215.7 1717.66 2019.95 1596.82 2247.76 1527.76 1451.27 1659.14 1582.46 1536.36 1388.07 1343.8 1661.07 1310.65
threshold=47.750000000000007 42.250000000000007 0.11688532799113698 4.6746837457021106 0.13650586766501271 -7.148239862918853 -0.036452366574649182 -0.097251082251082241 -0.037520295303935802 0.1507936507936509 -0.16624286980368194 0.5191779476368712 0.82571454029689406 -0.082944728434085832 0.26219829109807818
decision_type=10 8 10 10 8 10 10 8 10 10 10 8 10 8 10
left_child=1 4 3 -3 6 -6 -1 8 9 -2 -10 -4 13 -9 -14
right_child=7 2 11 -5 5 -7 -8 12 10 -11 -12 -13 14 -15 -16
leaf_value=-0.0094736654370550129 0.54277838557958613 -0.018305052607257493 -0.18966039802163973 0.20774380407835308 -0.3277170886342623 0.067758941556568503 -0.30333991456130638 -0.034174567479876024 -0.23824725907582503 0.068728527715129245 0.2833633307487734 0.11700984043595584 -0.11256181918209991 0.23452975200292681 0.21836645942003954
leaf_weight=58 65 737 205 109 44 130 191 74 21 26 26 41 99 232 37
leaf_count=58 65 737 205 109 44 130 191 74 21 26 26 41 99 232 37
internal_value=0.000812237 -0.0601039 -0.0221475 0.0118102 -0.15657 -0.0383278 -0.23662 0.159169 0.299055 0.41849 0.048843 -0.137037 0.112525 0.169883 -0.0176244
internal_weight=2095 1515 1092 846 423 174 249 580 138 91 47 246 442 306 136
internal_count=2095 1515 1092 846 423 174 249 580 138 91 47 246 442 306 136
is_linear=0
shrinkage=0.05


Tree=12
num_leaves=15
num_cat=0
split_feature=73 78 15 73 64 61 78 73 64 32 66 34 5 38
split_gain=7376.83 2422.4 2246.9 2350.84 2020.47 1918.77 1651.62 2135.83 1690.75 1575.56 1555.43 1429.28 1331.54 827.203
threshold=47.250000000000007 6.5000000000000009 -0.072087989188730703 39.750000000000007 -1.1716358386188657 1.0000000180025095e-35 8.5000000000000018 49.750000000000007 -1.2413888284850392 0.24432067821423217 0.10073273723794808 -0.021474363786789276 0.15170583478175106 0.12916666666666646
decision_type=10 8 8 8 8 8 8 10 8 8 10 10 10 10
left_child=1 4 -3 -4 5 -1 7 11 10 -9 -8 -2 -6 -10
right_child=6 2 3 -5 12 -7 8 9 13 -11 -12 -13 -14 -15
leaf_value=0.051684380224290886 0.18364101774934541 0.32267848783069186 -0.36925027846626124 -0.10566273776101323 0.018510475581643558 -0.2277443573375543 -0.045618314296007156 0.15658174739254796 -0.15924504437305109 0.41930567599772445 0.4901001399755478 -0.063186058964369435 0.22426282501581946 0.095036351556579274
leaf_weight=101 128 22 96 588 391 145 23 126 94 118 25 101 94 43
leaf_count=101 128 22 96 588 391 145 23 126 94 118 25 101 94 43
internal_value=0.000830768 -0.0626151 -0.128326 -0.145141 0.00122155 -0.114076 0.138892 0.187999 0.0114325 0.289706 0.252372 0.0755407 0.0603718 -0.0785459
internal_weight=2095 1437 706 684 731 246 658 473 185 244 48 229 485 137
internal_count=2095 1437 706 684 731 246 658 473 185 244 48 229 485 137
is_linear=0
shrinkage=0.05


Tree=13
num_leaves=16
num_cat=0
split_feature=73 78 73 71 77 43 61 41 59 73 40 75 71 78 45
split_gain=6768.53 2962.06 2224.77 1819.33 1609.66 1551.37 1332.24 1454.68 1327.6 1324.72 1514.32 1234.17 1225.33 1131.14 681.872
threshold=45.250000000000007 1.5000000000000002 49.750000000000007 -1146.1499999999999 0.69615384615384623 -11.47222222222222 0.33667548500881839 -0.086142018267977336 0.27985209235209241 46.250000000000007 0.0060440300439950105 3085.9500000000003 -1313.6999999999998 5.5000000000000009 0.021982176966654766
decision_type=8 8 8 10 2 8 10 8 8 10 8 8 10 10 10
left_child=4 2 3 -2 6 -4 7 -1 13 10 -3 -11 -8 -6 -10
right_child=1 9 5 -5 8 -7 12 -9 14 11 -12 -13 -14 -15 -16
leaf_value=0.15944098450243474 0.25225569841634371 0.048530085458130139 0.69121714532375345 -0.025339949306319744 0.3387894328683615 0.24819354755929643 0.015113064867478829 -0.12195722178340232 0.032381731227916835 0.082232268033604963 -0.20234327277479075 -0.27191542192147328 -0.40578034983740913 -0.0082043659985065465 -0.30131679137547812
leaf_weight=45 92 117 21 148 43 158 22 651 29 496 115 21 67 45 25
leaf_count=45 92 117 21 148 43 158 22 651 29 496 115 21 67 45 25
internal_value=0.000909598 0.08085 0.186483 0.083844 -0.0996533 0.317811 -0.127582 -0.102685 0.0534908 0.0208462 -0.0772596 0.0652846 -0.305938 0.16991 -0.133704
internal_weight=2095 1168 419 240 927 179 785 696 142 749 232 517 89 88 54
internal_count=2095 1168 419 240 927 179 785 696 142 749 232 517 89 88 54
is_linear=0
shrinkage=0.05


Tree=14
num_leaves=13
num_cat=0
split_feature=73 73 9 77 72 17 63 63 1 43 50 32
split_gain=6126.64 2369.89 1643.41 1456.23 1409.09 2337.58 1494.56 1406.99 1225.99 1373.3 1103.9 1000.71
threshold=45.250000000000007 51.250000000000007 -0.046743404709229504 0.69615384615384623 -1.4999999999999998 0.079907596111297594 -0.023550944739308612 -0.032417840467610988 -0.29934973673274112 6.822916666666667 -0.66666666666666674 0.069210233166813864
decision_type=8 10 8 2 2 8 8 8 8 10 8 10
left_child=3 4 -3 8 5 -2 -6 -4 -1 -10 -5 -12
right_child=1 2 7 10 6 -7 -8 -9 9 -11 11 -13
leaf_value=0.17605316660860007 0.02575996406151947 -0.13766555220274063 0.48040009079287294 -0.23439120501279831 0.10430855646788367 0.33875760876107963 -0.046748785332551807 0.17459526753205976 -0.16562336883560075 0.007608420981301202 -0.0078201653925996078 0.27811681083491385
leaf_weight=29 161 24 56 23 248 91 459 129 617 139 71 48
leaf_count=29 161 24 56 23 248 91 459 129 617 139 71 48
internal_value=0.000928558 0.076985 0.227607 -0.0947461 0.043097 0.143373 0.00652897 0.277632 -0.121312 -0.133866 0.0509041 0.113676
internal_weight=2095 1168 209 927 959 252 707 185 785 756 142 119
internal_count=2095 1168 209 927 959 252 707 185 785 756 142 119
is_linear=0
shrinkage=0.05


Tree=15
num_leaves=15
num_cat=0
split_feature=73 77 40 73 74 22 14 17 47 32 64 4 32 46
split_gain=5622.69 2047.6 2052.46 1491.62 1489 1431.68 1269.37 1812.14 1464.86 1228.12 1173.92 1214.44 1161.08 1003.71
threshold=47.750000000000007 0.69615384615384623 -0.09410401010272007 38.750000000000007 71.500000000000014 -0.14711254121114808 -0.097251082251082241 -0.064649236698945359 -0.28575652477641894 0.16805461669961616 0.82571454029689406 -0.10131897777318953 0.2861578112545734 -0.00497098391254741
decision_type=10 2 8 8 10 8 8 10 10 10 10 8 10 10
left_child=1 3 -3 4 -1 -5 7 13 -9 -4 11 -8 -12 -2
right_child=6 2 9 5 -6 -7 10 8 -10 -11 12 -13 -14 -15
leaf_value=-0.34085725549158163 -0.12206873114292438 -0.30182564230635767 0.040556450720922732 0.05942029269385677 0.091155991916145596 -0.084885591291649673 -0.011810742152181079 0.033545709669589995 0.537305873067629 0.27980025755685001 -0.11916144188670885 0.20564454971133053 0.19469077798833209 0.25632240436971188
leaf_weight=86 34 27 156 206 23 938 89 20 57 79 100 217 36 27
leaf_count=86 34 27 156 206 23 938 89 20 57 79 100 217 36 27
internal_value=0.00100277 -0.0496715 0.0763086 -0.076252 -0.24926 -0.0587114 0.132746 0.263239 0.417093 0.125345 0.0894032 0.143064 -0.0317704 0.0513884
internal_weight=2095 1515 262 1253 109 1144 580 138 77 235 442 306 136 61
internal_count=2095 1515 262 1253 109 1144 580 138 77 235 442 306 136 61
is_linear=0
shrinkage=0.05


end of trees

feature_importances:
opening_total_away=37
wind_speed_home=12
diff_div_off_epa_std=10
diff_own_fumble_recovery_rate_std_std=8
diff_nondiv_def_epa_roll6=7
diff_off_drives_per_game_std=7
diff_opp_fumble_recovery_rate_std=7
diff_leading_off_epa_roll3=6
diff_proe_roll3=6
diff_fourth_down_success_rate_std=5
diff_leading_def_epa_std=5
diff_off_cpoe_roll6=5
diff_opening_spread=5
diff_rb_weighted_epa_roll3=5
diff_def_explosive_rush_rate_std=4
diff_off_explosive_rush_rate_roll3=4
diff_trailing_off_epa_roll6=4
win_pct_home=4
diff_adj_def_epa_roll3=3
diff_away_off_epa_std=3
diff_division_rank=3
diff_leading_off_epa_std=3
diff_off_epa_per_play_std=3
diff_travel_miles=3
travel_miles_away=3
diff_away_off_epa_roll3=2
diff_def_avg_drive_yards_std=2
diff_def_penalty_yards_drawn_roll6=2
diff_def_rz_td_rate_std=2
diff_def_third_down_rate_roll3=2
diff_div_def_epa_roll6=2
diff_div_off_epa_roll6=2
diff_home_off_epa_roll6=2
diff_ko_touchback_rate_std=2
diff_off_penalty_yards_std=2
diff_off_rz_epa_roll3=2
diff_off_rz_epa_roll6=2
diff_off_rz_success_rate_roll6=2
diff_off_rz_trips_roll6=2
diff_off_third_down_rate_roll3=2
diff_off_third_down_rate_roll6=2
diff_off_top_seconds_std=2
diff_rb_weighted_epa_std=2
diff_skill_injury_impact_std=2
diff_adj_def_epa_std=1
diff_def_avg_drive_plays_roll3=1
diff_def_sack_rate_roll3=1
diff_def_sack_rate_roll6=1
diff_div_def_epa_std=1
diff_fg_pct_long_std=1
diff_fourth_down_success_rate_roll6=1
diff_nondiv_def_epa_roll3=1
diff_off_avg_drive_yards_roll6=1
diff_off_epa_per_play_roll3=1
diff_off_penalty_yards_roll3=1
diff_off_rush_epa_roll6=1
diff_off_rz_pass_rate_std=1
diff_off_sack_rate_std=1
diff_off_sos_score_roll6=1
diff_pace_roll3=1
diff_skill_injury_impact_roll3=1
diff_tz_diff=1
temperature_away=1

parameters:
[boosting: gbdt]
[objective: regression]
[metric: l2]
[tree_learner: serial]
[device_type: cpu]
[data_sample_strategy: bagging]
[data: ]
[valid: ]
[num_iterations: 500]
[learning_rate: 0.05]
[num_leaves: 31]
[num_threads: 16]
[seed: 42]
[deterministic: 0]
[force_col_wise: 1]
[force_row_wise: 0]
[histogram_pool_size: -1]
[max_depth: 4]
[min_data_in_leaf: 20]
[min_sum_hessian_in_leaf: 0.001]
[bagging_fraction: 0.8]
[pos_bagging_fraction: 1]
[neg_bagging_fraction: 1]
[bagging_freq: 0]
[bagging_seed: 400]
[bagging_by_query: 0]
[feature_fraction: 0.7]
[feature_fraction_bynode: 1]
[feature_fraction_seed: 30056]
[extra_trees: 0]
[extra_seed: 12879]
[early_stopping_round: 0]
[early_stopping_min_delta: 0]
[first_metric_only: 0]
[max_delta_step: 0]
[lambda_l1: 1]
[lambda_l2: 5]
[linear_lambda: 0]
[min_gain_to_split: 0]
[drop_rate: 0.1]
[max_drop: 50]
[skip_drop: 0.5]
[xgboost_dart_mode: 0]
[uniform_drop: 0]
[drop_seed: 17869]
[top_rate: 0.2]
[other_rate: 0.1]
[min_data_per_group: 100]
[max_cat_threshold: 32]
[cat_l2: 10]
[cat_smooth: 10]
[max_cat_to_onehot: 4]
[top_k: 20]
[monotone_constraints: ]
[monotone_constraints_method: basic]
[monotone_penalty: 0]
[feature_contri: ]
[forcedsplits_filename: ]
[refit_decay_rate: 0.9]
[cegb_tradeoff: 1]
[cegb_penalty_split: 0]
[cegb_penalty_feature_lazy: ]
[cegb_penalty_feature_coupled: ]
[path_smooth: 0]
[interaction_constraints: ]
[verbosity: -1]
[saved_feature_importance_type: 0]
[use_quantized_grad: 0]
[num_grad_quant_bins: 4]
[quant_train_renew_leaf: 0]
[stochastic_rounding: 1]
[linear_tree: 0]
[max_bin: 255]
[max_bin_by_feature: ]
[min_data_in_bin: 3]
[bin_construct_sample_cnt: 200000]
[data_random_seed: 175]
[is_enable_sparse: 1]
[enable_bundle: 1]
[use_missing: 1]
[zero_as_missing: 0]
[feature_pre_filter: 1]
[pre_partition: 0]
[two_round: 0]
[header: 0]
[label_column: ]
[weight_column: ]
[group_column: ]
[ignore_column: ]
[categorical_feature: ]
[forcedbins_filename: ]
[precise_float_parser: 0]
[parser_config_file: ]
[objective_seed: 16083]
[num_class: 1]
[is_unbalance: 0]
[scale_pos_weight: 1]
[sigmoid: 1]
[boost_from_average: 1]
[reg_sqrt: 0]
[alpha: 0.9]
[fair_c: 1]
[poisson_max_delta_step: 0.7]
[tweedie_variance_power: 1.5]
[lambdarank_truncation_level: 30]
[lambdarank_norm: 1]
[label_gain: ]
[lambdarank_position_bias_regularization: 0]
[eval_at: ]
[multi_error_top_k: 1]
[auc_mu_weights: ]
[num_machines: 1]
[local_listen_port: 12400]
[time_out: 120]
[machine_list_filename: ]
[machines: ]
[gpu_platform_id: -1]
[gpu_device_id: -1]
[gpu_use_dp: 0]
[num_gpu: 1]

end of parameters

pandas_categorical:[]
