tree
version=v4
num_class=1
num_tree_per_iteration=1
label_index=0
max_feature_idx=79
objective=regression
feature_names=coaching_tenure_home diff_adj_def_epa_roll3 diff_adj_def_epa_std diff_away_def_epa_roll3 diff_away_off_epa_roll3 diff_away_off_epa_std diff_def_avg_drive_plays_roll3 diff_def_avg_drive_plays_std diff_def_avg_drive_yards_std diff_def_explosive_rush_rate_std diff_def_penalty_yards_drawn_roll6 diff_def_rz_epa_roll3 diff_def_rz_epa_roll6 diff_def_rz_success_rate_roll6 diff_def_rz_td_rate_std diff_def_sack_rate_roll3 diff_def_sack_rate_roll6 diff_def_third_down_rate_roll3 diff_def_three_and_out_rate_roll3 diff_div_def_epa_roll6 diff_div_def_epa_std diff_div_off_epa_roll6 diff_div_off_epa_std diff_division_rank diff_fg_att_std diff_fg_pct_long_std diff_fourth_down_success_rate_roll6 diff_fourth_down_success_rate_std diff_home_off_epa_roll6 diff_ko_return_avg_std diff_ko_touchback_rate_std diff_leading_def_epa_std diff_leading_off_epa_roll3 diff_leading_off_epa_std diff_nondiv_def_epa_roll3 diff_nondiv_def_epa_roll6 diff_off_avg_drive_yards_roll6 diff_off_cpoe_roll6 diff_off_drives_per_game_std diff_off_epa_per_play_roll3 diff_off_epa_per_play_std diff_off_explosive_rush_rate_roll3 diff_off_penalty_yards_roll3 diff_off_penalty_yards_std diff_off_rush_epa_roll3 diff_off_rush_epa_roll6 diff_off_rz_epa_roll3 diff_off_rz_epa_roll6 diff_off_rz_pass_rate_std diff_off_rz_success_rate_roll6 diff_off_rz_trips_roll6 diff_off_sack_rate_std diff_off_sos_score_roll6 diff_off_success_rate_roll6 diff_off_third_down_rate_roll3 diff_off_third_down_rate_roll6 diff_off_three_and_out_rate_roll6 diff_off_top_seconds_std diff_opening_spread diff_opp_fumble_recovery_rate_std diff_opp_fumble_recovery_rate_std_roll3 diff_own_fumble_recovery_rate_std_std diff_pace_roll3 diff_proe_roll3 diff_rb_weighted_epa_roll3 diff_rb_weighted_epa_std diff_skill_injury_impact_roll3 diff_skill_injury_impact_std diff_trailing_def_epa_roll6 diff_trailing_def_epa_std diff_trailing_off_epa_roll6 diff_travel_miles diff_tz_diff opening_total_away temperature_away travel_miles_away win_pct_away win_pct_home wind_speed_home wins_home
feature_infos=[1:17] [-0.71541596949100494:0.88652980327606201] [-0.71541596949100494:0.88652980327606201] [-0.74047915264964104:0.81195994466543198] [-0.95676788687705994:0.98236359283328056] [-0.73939523100852966:0.84628571569919586] [-3.833333333333333:3.2272727272727275] [-3.833333333333333:3.2272727272727275] [-34.377778053283691:34.656564712524414] [-0.2424242424242424:0.20042417815482502] [-69:77] [-2.8487167047957578:2.7074642988542714] [-2.2391043901443481:2.4243320624033609] [-0.69230768084526062:0.8333333283662796] [-1:1] [-0.16011972352862358:0.1666666716337204] [-0.14705882966518402:0.1666666716337204] [-0.57142859697341919:0.56666663289070129] [-0.46153846153846156:0.40909090909090906] [-0.86481103301048279:0.78134894371032715] [-0.77946552634239197:0.78134894371032715] [-0.75205850601196289:1.0891301482915878] [-0.75205850601196289:1.0891301482915878] [-3:3] [-4:4] [-1:1] [-1:1] [-1:1] [-0.62429746985435486:1.1150727421045303] [-48.5:47.125] [-1:1] [-5.3859257698059082:5.3745922148227692] [-8.9221019198497142:8.8304748088121414] [-4.8015694357454777:5.439639899879694] [-0.73443540185689926:0.88652980327606201] [-0.65543012320995331:0.88652980327606201] [-39.345456123352051:36.8675217628479] [-30.688534736633301:38.514461517333984] [-8:7] [-0.89615999162197113:0.84700344502925873] [-0.89615999162197113:0.84700344502925873] [-0.23076923076923078:0.2533333333333333] [-75:50] [-75:50] [-0.67900723963975906:1.0113861858844757] [-0.67900723963975906:1.0113861858844757] [-3.2184919714927673:2.6077703610062599] [-3.2184919714927673:2.1583511233329773] [-0.71428570151329041:0.8333333283662796] [-0.73333331942558289:0.84615384042263031] [-6:5] [-0.16287340596318245:0.14610389992594719] [-0.73939523100852966:0.81203330308198929] [-0.38152013719081879:0.27322402596473694] [-0.44230771064758301:0.62727269530296326] [-0.44230771064758301:0.62727269530296326] [-0.4116161616161616:0.57575757575757569] [-984:879] [-33:43] [-1:1] [-1:1] [-1:1] [-34:32] [-0.32302161097758625:0.34008444829653667] [-8.528332817309348:10.559087289124728] [-7.6779916545954237:10.559087289124728] [-2.9489422087868058:2.8925925925374032] [-2.4974933153018357:2.3574074074074076] [-2.9358330816030502:2.9467598820726075] [-1.6924982778728008:1.6416833959519863] [-2.5981578990817069:2.2618493437767029] [-2719.8000000000002:1992.7000000000003] [-8:3] [10.5:63.5] [1:97] [0:5266.8000000000002] [0:1] [0:1] [0:71] [0:14]
tree_sizes=1371 1420 1509 1437 1420 1526 1516 1527 1333 1431 1417 1448 1351 1350 1434 1524 1430 1430 1518 1508 1345 1524 1528 1520 1443 1519 1428 1419 1498 1340 1353 1342 1409 1360 1423 1273 1432 1360 1541 1431 1270 1354 1543 1105 1276 1349 1536 1108

Tree=0
num_leaves=15
num_cat=0
split_feature=58 58 58 53 12 75 56 57 68 25 1 56 51 35
split_gain=49490.6 9129.8 7775.18 2707.58 2572.48 2554.36 2455.51 2065.94 2024.8 1867.77 1790.73 1755.52 1616.2 1033.27
threshold=5.5000000000000009 -8.4999999999999982 16.500000000000004 0.040328693886597967 0.28735823649913078 1849.7500000000002 0.068423012173012179 40.719230769230656 0.24813228013614816 0.010019841269841291 0.21254791350414357 0.10889989639989638 -0.00094012440448360674 0.01412358788074926
decision_type=10 8 10 10 10 10 8 8 10 8 10 8 10 8
left_child=1 7 6 5 8 -3 10 12 -4 -5 -2 -8 -1 -9
right_child=2 3 4 9 -6 -7 11 13 -10 -11 -12 -13 -14 -15
leaf_value=1.4691037434724974 1.9521841074895845 1.5637806060402231 2.2943000745613693 1.6077839664235669 1.7693854425630593 1.2948366169860186 1.4828564261258217 1.7704038928919963 1.8089207945547128 2.0487589509297308 1.6515570745734205 1.8037405216450488 1.0820004230808893 1.3680071609399342
leaf_weight=42 493 594 203 49 35 102 52 21 27 39 53 164 176 45
leaf_count=42 493 594 203 49 35 102 52 21 27 39 53 164 176 45
internal_value=1.70263 1.46486 1.94983 1.55466 2.18129 1.52167 1.86668 1.22398 2.24101 1.81078 1.92271 1.72304 1.14945 1.4925
internal_weight=2095 1068 1027 784 265 696 762 284 230 88 546 216 218 66
internal_count=2095 1068 1027 784 265 696 762 284 230 88 546 216 218 66
is_linear=0
shrinkage=1


Tree=1
num_leaves=15
num_cat=0
split_feature=58 58 58 43 53 12 64 65 55 4 18 19 33 34
split_gain=44771.2 8285.81 7050.08 2554.47 2459.13 2323.56 1993.03 1979.43 1602.45 1542.06 1445.57 1374.04 1096.58 670.131
threshold=5.5000000000000009 -8.4999999999999982 16.500000000000004 -14.58333333333333 0.040328693886597967 0.28735823649913078 -0.97486253065004969 1.5148651860457802 0.039617187033096947 0.35090633435174828 -0.15565268065268059 -1.0000000180025095e-35 0.44483996128352982 0.23056903481483462
decision_type=10 8 10 8 10 10 8 10 8 10 10 8 8 8
left_child=1 8 3 12 9 6 -4 -5 11 -3 -6 -1 -2 -10
right_child=2 4 5 7 10 -7 -8 -9 13 -11 -12 -13 -14 -15
leaf_value=-0.2591502672029754 -0.39179340395434153 -0.18594210022766919 0.19285149115782518 0.13549715123436828 -0.23136696100234985 0.063839384466409688 0.58666241379811412 0.34359910891285078 0.0010903699199358624 0.20580503201043165 0.21164415348066046 -0.58853144248608835 0.05804703145820115 -0.32833268271806915
leaf_weight=54 24 674 47 571 20 35 183 144 25 22 68 171 23 34
leaf_count=54 24 674 47 571 20 35 183 144 25 22 68 171 23 34
internal_value=-4.5449e-05 -0.226212 0.235058 0.155875 -0.140662 0.455461 0.512216 0.179573 -0.455687 -0.172108 0.103396 -0.51705 -0.186283 -0.198785
internal_weight=2095 1068 1027 762 784 265 230 715 284 696 88 225 47 59
internal_count=2095 1068 1027 762 784 265 230 715 284 696 88 225 47 59
is_linear=0
shrinkage=0.05


Tree=2
num_leaves=16
num_cat=0
split_feature=58 58 58 25 36 53 75 56 57 25 22 56 28 52 64
split_gain=40503 7529.43 6396.11 2597.19 2664.8 2218.08 2328.83 2168.46 1799.13 1701.55 1639.72 1574.21 1260.41 1174.32 1074.43
threshold=5.5000000000000009 -8.4999999999999982 16.500000000000004 0.037698412698412738 3.5875611305236803 0.040328693886597967 1849.7500000000002 0.068423012173012179 40.719230769230656 0.010019841269841291 0.039253802224993715 0.10889989639989638 -0.27038468042155722 -0.13073587212905594 2.967926724555308
decision_type=10 8 10 8 10 10 10 8 8 8 10 8 8 10 10
left_child=1 8 7 4 -4 6 -3 10 12 -7 -2 -9 -1 -10 -5
right_child=2 5 3 14 -6 9 -8 11 13 -11 -12 -13 -14 -15 -16
leaf_value=-0.739527731700377 0.11717378572221336 -0.12339490284157516 -0.085881194472312933 0.67625105819449982 0.39532355022764654 -0.095218369971822814 -0.37985547753137966 -0.21399447329734503 -0.32693826098693535 0.32544133520939134 0.29395016832893228 0.089849177980519973 -0.41338296646327644 0.090253742890698582 0.24902456868439915
leaf_weight=50 294 594 37 99 102 49 102 52 43 39 252 164 168 23 27
leaf_count=50 294 594 37 99 102 49 102 52 43 39 252 164 168 23 27
internal_value=-6.05615e-05 -0.215178 0.223555 0.433487 0.268351 -0.133625 -0.163492 0.148132 -0.433928 0.0981465 0.200781 0.0132888 -0.503315 -0.184731 0.598083
internal_weight=2095 1068 1027 265 139 784 696 762 284 88 546 216 218 66 126
internal_count=2095 1068 1027 265 139 784 696 762 284 88 546 216 218 66 126
is_linear=0
shrinkage=0.05


Tree=3
num_leaves=15
num_cat=0
split_feature=58 58 58 36 54 69 26 56 47 53 3 14 55 39
split_gain=36689.2 6880.54 5947.26 2320.41 2809.88 2111.82 2375.68 2009.32 1866.76 1615.02 1507.67 1270.32 1170.79 879.107
threshold=5.5000000000000009 -6.4999999999999991 12.500000000000002 7.7534467379252119 0.0089760720729827621 0.026023880527645819 0.40138889054457355 0.066618566618566605 -0.44623813234890491 0.049734883010387428 -0.28681346168741578 0.15281746031746035 0.050835826992988588 -0.20346600872774914
decision_type=10 8 10 10 10 10 8 10 8 10 10 10 10 10
left_child=1 9 7 4 -4 12 -7 8 -2 10 -1 -5 -3 -9
right_child=2 5 3 11 -6 6 -8 13 -10 -11 -12 -13 -14 -15
leaf_value=-0.19003384297483425 -0.19275623235182884 -0.21587114881210662 0.3964186729979044 0.56667522661786041 0.1060834772755645 -0.064112600242650072 0.32422329272995604 0.14701896884611673 0.17287133010799316 0.044662240835336542 -0.44887064862169912 0.161590060745092 0.022801265539601448 -0.17987222083990118
leaf_weight=84 34 336 172 126 168 238 42 23 397 21 288 29 59 78
leaf_count=84 34 336 172 126 168 238 42 23 397 21 288 29 59 78
internal_value=-7.31237e-05 -0.204813 0.212753 0.336794 0.25672 -0.106535 -0.00102059 0.0951842 0.142034 -0.370027 -0.393852 0.498616 -0.180257 -0.101536
internal_weight=2095 1068 1027 495 340 675 280 532 431 393 372 155 395 101
internal_count=2095 1068 1027 495 340 675 280 532 431 393 372 155 395 101
is_linear=0
shrinkage=0.05


Tree=4
num_leaves=15
num_cat=0
split_feature=40 51 65 53 34 8 10 71 66 59 8 65 31 51
split_gain=19465.9 4945.78 3853.5 3296.01 3065.34 2909.7 3043.7 2062.61 1820.73 1524.64 1211.17 906.505 871.968 631.568
threshold=0.018200020564513076 0.0012081294276175098 -1.3972857755089387 0.0091845517357190837 0.078316342396040767 -1.1960204533168246 -8.2666666666666622 -2141.3999999999996 0.50540909080041785 -0.12512626262626261 0.4126191139221192 -1.3298077924842635 -0.097402617451734827 -0.025178651465103025
decision_type=10 10 10 10 8 10 10 8 10 8 10 10 8 10
left_child=1 7 12 10 -5 6 -3 11 -7 -9 -4 -1 -2 -14
right_child=2 5 3 4 -6 8 -8 9 -10 -11 -12 -13 13 -15
leaf_value=-0.53466046441059845 0.052754606114966532 0.19563598842429583 0.16316307386137205 0.36862915545276231 0.13623353679019673 -0.2335608066375221 -0.18449710623744009 -0.17924486751985419 -0.49133102798036171 0.04469164527241553 -0.09081949003990375 -0.083998524320536658 -0.046430262332782156 -0.42549471492568652
leaf_weight=21 30 62 82 345 255 237 248 86 107 456 97 24 20 25
leaf_count=21 30 62 82 345 255 237 248 86 107 456 97 24 20 25
internal_value=0 -0.126257 0.183112 0.2161 0.271886 -0.22029 -0.106413 -0.0204317 -0.319773 0.00775423 0.0265304 -0.327743 -0.15099 -0.279512
internal_weight=2095 1241 854 779 600 654 310 587 344 542 179 45 75 45
internal_count=2095 1241 854 779 600 654 310 587 344 542 179 45 75 45
is_linear=0
shrinkage=0.05


Tree=5
num_leaves=16
num_cat=0
split_feature=40 57 23 53 53 35 65 29 63 75 9 31 67 34 27
split_gain=17609.4 4492.11 3626.14 3598.65 3145.85 2777.76 2488.28 1711.23 2637.35 1593.86 1513.74 1384.24 1284.42 1481.84 907.521
threshold=0.018200020564513076 15.916666666666631 -1.4999999999999998 -0.02524974445501962 0.039700585107008614 0.01412358788074926 -1.3728610136053339 -4.2767045844684946 -0.045812126613267869 5055.5000000000009 0.012123839681043325 0.068742979139400015 -0.098895984327638325 0.12284939285988609 0.16666667908430102
decision_type=10 8 10 10 10 8 10 8 10 8 10 8 10 8 10
left_child=1 3 12 10 11 -5 -6 8 -3 -9 -1 -4 13 -2 -14
right_child=2 7 4 5 6 -7 -8 9 -10 -11 -12 -13 14 -15 -16
leaf_value=-0.22053151733536988 0.51774581940089526 -0.1388019947629226 0.086115042046578827 0.11920389263334259 -0.27014816701412203 -0.20176275843589364 0.25940073568240873 -0.080095884765082226 0.4178059253330324 0.23173600461747912 -0.43333423576856922 -0.12562054968705136 0.2865085045052202 0.059864662906953275 -0.0011520618616148483
leaf_weight=244 106 33 167 113 20 153 275 465 46 40 147 135 90 23 38
leaf_count=244 106 33 167 113 20 153 275 465 46 40 147 135 90 23 38
internal_value=-0.000146071 -0.120245 0.174003 -0.209428 0.10474 -0.0655441 0.219428 -0.0189021 0.190281 -0.0532685 -0.305124 -0.00887651 0.329637 0.441761 0.203901
internal_weight=2095 1241 854 657 597 266 295 584 79 505 391 302 257 129 128
internal_count=2095 1241 854 657 597 266 295 584 79 505 391 302 257 129 128
is_linear=0
shrinkage=0.05


Tree=6
num_leaves=16
num_cat=0
split_feature=58 58 58 10 65 58 79 71 56 54 37 51 35 16 27
split_gain=29823.1 6569.61 4482.14 2172.71 2494.28 2140.03 2039.01 1841.51 1810.86 1551.77 1497.63 1488.32 1419.98 955.383 746.955
threshold=2.5000000000000004 11.500000000000002 -8.4999999999999982 8.0000000000000036 -0.1503685996652333 20.500000000000004 3.5000000000000004 -826.44999999999993 0.054484404484404503 0.040895769993464177 8.1131840795278567 0.0012081294276175098 0.18834096786255641 0.033804057631641633 -0.028174605326993115
decision_type=10 10 8 8 8 10 2 8 10 10 10 10 10 10 8
left_child=2 6 11 4 -4 10 13 -5 -8 -7 -3 14 -13 -2 -1
right_child=1 5 3 7 -6 9 8 -9 -10 -11 -12 12 -14 -15 -16
leaf_value=0.023811100160374361 -0.071300344393812928 0.18023980673506623 -0.18127164982585794 -0.44621939817574297 0.052647325551092986 0.67269063057570622 0.20438727797530595 -0.12656841570139785 -0.089414786383071376 0.30319065207925938 0.43837315761791196 -0.52554286757519664 -0.19480107290702953 0.17985969315579331 -0.28351023665496283
leaf_weight=29 269 344 246 84 205 53 245 104 63 91 68 152 52 39 51
leaf_count=29 269 344 246 84 205 53 245 104 63 91 68 152 52 39 51
internal_value=-7.72278e-05 0.167011 -0.212051 -0.13665 -0.0754238 0.290869 0.0536943 -0.27751 0.143663 0.457533 0.22771 -0.376231 -0.448153 -0.0369727 -0.176671
internal_weight=2095 1172 923 639 451 556 616 188 308 144 412 284 204 308 80
internal_count=2095 1172 923 639 451 556 616 188 308 144 412 284 204 308 80
is_linear=0
shrinkage=0.05


Tree=7
num_leaves=16
num_cat=0
split_feature=53 23 77 67 24 19 14 24 79 5 32 9 56 7 12
split_gain=12884 5450.29 3053.69 2159.64 2215.6 2117.89 2628.01 2040.7 1992.28 1912.06 2182.55 1603.41 1531.11 1502.97 1206.23
threshold=0.020590374867121373 1.0000000180025095e-35 0.60769230769230786 -0.18278824515179262 -0.33549783549783546 0.033627130906097598 -0.14472222222222217 0.46684981684981658 3.5000000000000004 -0.13202523212613801 -0.12662711304922894 -0.036321145649297504 0.051876826876826883 0.41101728704750734 0.15631175649662818
decision_type=10 10 2 10 8 10 10 10 2 8 10 10 8 10 10
left_child=1 9 7 4 -4 12 -7 8 -2 14 -11 -5 -3 -9 -1
right_child=2 5 3 11 -6 6 -8 13 -10 10 -12 -13 -14 -15 -16
leaf_value=-0.26345587052725333 -0.10806137968061701 -0.0079148067809764865 0.079593501402399486 0.42432769059669229 0.56251390148894964 0.11991371012785856 -0.36784212934530597 0.42052583757728812 0.14146605422779257 -0.021632287284223048 0.18237577026487942 0.086812631035973503 -0.2011218490204344 -0.015399190015865094 0.074468216758507941
leaf_weight=88 157 176 34 43 94 29 215 58 153 405 188 149 244 28 34
leaf_count=88 157 176 34 43 94 29 215 58 153 405 188 149 244 28 34
internal_value=-5.59179e-05 -0.0893627 0.171305 0.285169 0.442429 -0.191943 -0.308427 0.0767597 0.0152244 0.00650299 0.0439453 0.171507 -0.121322 0.284999 -0.169662
internal_weight=2095 1379 716 320 128 664 244 396 310 715 593 192 420 86 122
internal_count=2095 1379 716 320 128 664 244 396 310 715 593 192 420 86 122
is_linear=0
shrinkage=0.05


Tree=8
num_leaves=14
num_cat=0
split_feature=58 58 58 43 76 58 75 57 60 68 3 68 34
split_gain=25868.7 4990.33 4205.6 1811.41 1597.53 1579.37 1517.35 1371.82 1745.78 1241.13 1210.12 1100.05 1286.19
threshold=5.5000000000000009 -8.4999999999999982 20.500000000000004 -14.58333333333333 0.89444444444444449 11.500000000000002 2141.4000000000005 95.692307692307637 -0.13888888888888884 -0.25157117903581816 -0.036184156313538544 0.066326655074954041 0.025187650695443157
decision_type=10 8 10 8 2 10 10 10 10 10 10 10 10
left_child=1 7 3 9 6 -5 -3 8 -1 -2 -6 12 -4
right_child=2 4 11 5 10 -7 -8 -9 -10 -11 -12 -13 -14
leaf_value=-0.2297756457558045 0.061345824357625603 -0.10072755648947565 0.57453918265005977 0.087847634338030833 0.2916536145432051 0.2275234178849791 -0.34233258044397513 0.030210505540554339 -0.50377384628905186 -0.39475267581068557 -0.14564193674148276 0.10417793608193603 0.14118479288393451
leaf_weight=125 32 656 92 440 38 390 69 21 138 21 21 26 26
leaf_count=125 32 656 92 440 38 390 69 21 138 21 21 26 26
internal_value=3.45653e-05 -0.17184 0.178786 0.136284 -0.105461 0.154508 -0.125977 -0.349914 -0.38045 -0.136962 0.136006 0.425749 0.489082
internal_weight=2095 1068 1027 883 784 830 725 284 263 53 59 144 118
internal_count=2095 1068 1027 883 784 830 725 284 263 53 59 144 118
is_linear=0
shrinkage=0.05


Tree=9
num_leaves=15
num_cat=0
split_feature=58 58 58 36 58 10 65 71 56 11 57 60 21 69
split_gain=23478.4 5087.46 3495.22 1982.23 2067.1 1979.4 2178.57 1662.18 1295.79 1654.28 1245.24 1580.08 1188.6 834.309
threshold=2.5000000000000004 11.500000000000002 -8.4999999999999982 8.6950196425120048 20.500000000000004 8.0000000000000036 -0.1503685996652333 -826.44999999999993 0.044926184926184963 0.23509965961178145 95.692307692307637 -0.13888888888888884 0.047007044777274139 0.21843871841957047
decision_type=10 10 8 10 10 8 10 8 10 8 10 10 8 10
left_child=2 8 10 4 -3 6 -4 -7 9 -2 11 -1 -10 -5
right_child=1 3 5 13 -6 7 -8 -9 12 -11 -12 -13 -14 -15
leaf_value=-0.21872873944731863 0.17014351938561206 0.14043312242862827 -0.16207603394718048 0.4716335123374818 0.43135626858625664 -0.41588497660802992 0.056445804842792095 -0.11284995549999247 0.060287897995757789 -0.022748838345685633 0.028990469529078557 -0.47946587117401873 -0.20263275051818175 0.12590157908778038
leaf_weight=125 268 338 246 119 73 84 205 104 83 185 21 138 80 26
leaf_count=125 268 338 246 119 73 84 205 104 83 185 21 138 80 26
internal_value=1.03953e-05 0.148308 -0.188024 0.257308 0.196789 -0.121416 -0.0631085 -0.255774 0.0485643 0.091871 -0.333026 -0.362121 -0.0706455 0.416237
internal_weight=2095 1172 923 556 411 639 451 188 616 453 284 263 163 145
internal_count=2095 1172 923 556 411 639 451 188 616 453 284 263 163 145
is_linear=0
shrinkage=0.05


Tree=10
num_leaves=15
num_cat=0
split_feature=58 58 58 75 38 43 54 65 33 52 58 41 68 49
split_gain=21316.8 4170.62 3430.69 1819.87 1830.98 1635.33 1495.21 1436.07 1603.79 1431.23 1286.68 1194.94 1141.58 235.897
threshold=5.5000000000000009 -6.4999999999999991 20.500000000000004 1849.7500000000002 0.85912698412698429 -14.58333333333333 1.0000000180025095e-35 1.5441658762121124 -0.6977451667189597 -0.088377614272758351 11.500000000000002 0.017461195659411548 0.36723193037808721 0.01345425347487131
decision_type=10 8 10 10 8 8 10 10 8 10 10 10 10 10
left_child=1 7 5 12 -5 9 13 8 -1 -2 -7 -8 -3 -4
right_child=2 3 6 4 -6 10 11 -9 -10 -11 -12 -13 -14 -15
leaf_value=-0.68338411811739208 0.11900660395622253 -0.06881178123854978 0.78649311753419737 -0.074595103587489581 -0.49937087216724951 0.080975139782125699 0.087500877305865296 0.0056620602690896325 -0.27770368118339511 -0.36245924569666388 0.20712032454347687 0.43189892470836644 0.14935455109704943 0.34706319618225101
leaf_weight=25 26 510 21 59 43 440 55 38 330 27 390 48 63 20
leaf_count=25 26 510 21 59 43 440 55 38 330 27 390 48 63 20
internal_value=0 -0.156025 0.162261 -0.0795233 -0.269102 0.123859 0.385343 -0.284645 -0.315506 -0.135508 0.141193 0.261025 -0.0436539 0.634248
internal_weight=2095 1068 1027 675 102 883 144 393 355 53 830 103 573 41
internal_count=2095 1068 1027 675 102 883 144 393 355 53 830 103 573 41
is_linear=0
shrinkage=0.05


Tree=11
num_leaves=15
num_cat=0
split_feature=53 51 19 35 23 67 65 8 37 75 21 24 32 11
split_gain=9258.4 3848.52 2297.66 2156.56 2368.43 2940.63 2047.46 1991.34 2133.6 1560.05 1515.17 1252.57 1218.05 1164.22
threshold=0.020590374867121373 0.0013897144195870461 -0.2123170554793129 0.082768753694836064 -1.0000000180025095e-35 -0.18278824515179262 -1.3972857755089387 2.1120545313908505 -5.0976477662722264 1849.7500000000002 -0.012221752200275658 0.33143939393939387 -0.069075832764307649 -0.696492093304793
decision_type=10 10 8 8 10 10 10 10 10 10 10 10 10 10
left_child=1 2 12 4 5 -2 -5 8 -3 -4 -6 -9 -1 -8
right_child=3 7 9 6 10 -7 13 11 -10 -11 -12 -13 -14 -15
leaf_value=0.052885459700845329 0.46865065249878529 -0.2480645410807247 0.0092087936529773994 -0.38872471509071499 0.22857600553562085 0.14847329671346499 0.35472057423356812 -0.33558330640612927 -0.020167062129406554 -0.20455066759898824 -0.095069872943320491 -0.051508463219853876 0.41878046742145059 0.035428207602013151
leaf_weight=48 129 149 494 21 57 171 28 183 313 98 82 52 42 228
leaf_count=48 129 149 494 21 57 171 28 183 313 98 82 52 42 228
internal_value=2.67625e-05 -0.0756348 0.00882399 0.145333 0.213696 0.291739 0.0349422 -0.157822 -0.0956425 -0.0275101 0.0406294 -0.275315 0.237217 0.0766688
internal_weight=2095 1379 682 716 439 300 277 697 462 592 139 235 90 256
internal_count=2095 1379 682 716 439 300 277 697 462 592 139 235 90 256
is_linear=0
shrinkage=0.05


Tree=12
num_leaves=14
num_cat=0
split_feature=40 51 65 57 37 51 34 75 75 14 8 65 77
split_gain=9559.07 2997.47 2697.4 2448.7 2499.81 2093.46 1802.18 1580.96 2250.26 1372.23 1051.22 879.929 853.473
threshold=0.018200020564513076 0.0012081294276175098 -1.3972857755089387 15.916666666666631 -1.5949860195318857 -0.046678438893563684 -0.12458278277578452 1849.7500000000002 1634.0000000000002 -0.080214646464646475 6.8683180809021023 -2.1418858665772471 0.62019230769230782
decision_type=10 10 10 10 10 10 8 10 8 10 10 10 2
left_child=1 7 11 4 -3 10 -7 8 -1 -5 -4 -2 -9
right_child=2 3 5 9 -6 6 -8 12 -10 -11 -12 -13 -14
leaf_value=-0.0098775888073610318 0.028108707342932866 -0.32299875929870092 0.43858685001045816 0.1323514569665476 -0.070581507037689048 0.25810099510239304 0.072508296589164634 -0.25462616475387695 0.30577009391039611 -0.11820460449531674 0.026777847364544874 -0.30050645050677388 0.078917702094272346
leaf_weight=426 36 269 82 81 159 176 501 79 60 145 20 39 22
leaf_count=426 36 269 82 81 159 176 501 79 60 145 20 39 22
internal_value=6.98364e-05 -0.0883752 0.128419 -0.161571 -0.23124 0.156099 0.122369 -0.0060642 0.0317063 -0.0272661 0.363332 -0.150248 -0.181206
internal_weight=2095 1241 854 654 428 779 677 587 486 226 102 75 101
internal_count=2095 1241 854 654 428 779 677 587 486 226 102 75 101
is_linear=0
shrinkage=0.05


Tree=13
num_leaves=14
num_cat=0
split_feature=40 8 65 73 10 75 36 34 43 34 49 34 65
split_gain=8645.09 2761.96 2452.92 2115.18 1810.33 1805.63 1637.34 2070.77 1721.65 1580.68 1274.2 1223.27 803.984
threshold=0.018200020564513076 -1.8567681312561033 -1.3972857755089387 42.250000000000007 -5.3166666666666638 2176.8500000000008 3.9696296850840249 0.077547267079353346 0.79999999999999905 0.16423870623111728 -0.18699842008451614 0.12493800366064535 -2.1418858665772471
decision_type=10 10 10 8 8 10 10 8 10 8 10 8 10
left_child=1 4 12 11 10 -6 8 -8 -4 -5 -1 -3 -2
right_child=2 3 6 9 5 -7 7 -9 -10 -11 -12 -13 -14
leaf_value=0.47704765111207958 0.026874667779746942 -0.11066178204491735 -0.044696293864656469 -0.14008661473463396 -0.024886282432993009 -0.35666262238389917 0.29715100579277609 0.083097952909660169 0.19053142981970833 -0.33767290667108285 0.07399449980070999 0.18942665191272559 -0.28718855533410204
leaf_weight=20 36 75 176 306 481 40 268 203 132 159 106 54 39
leaf_count=20 36 75 176 306 481 40 268 203 132 159 106 54 39
internal_value=9.90028e-05 -0.0840105 0.122159 -0.161389 -0.0122009 -0.0536018 0.148558 0.206842 0.0573891 -0.210628 0.154119 0.0169644 -0.143555
internal_weight=2095 1241 854 594 647 521 779 471 308 465 126 129 75
internal_count=2095 1241 854 594 647 521 779 471 308 465 126 129 75
is_linear=0
shrinkage=0.05


Tree=14
num_leaves=15
num_cat=0
split_feature=52 77 64 17 37 57 18 7 77 67 36 52 66 10
split_gain=7135.84 2725.3 2535.8 2478.41 2062.47 2279.59 2006.45 1772.52 1769.1 1462.43 1436.94 1236.62 1225.68 957.882
threshold=0.045090964973496746 0.63068181818181823 0.044234818061317994 -0.18466772884130475 -0.25188073764244717 169.54166666666666 -0.01237373737373741 0.35231705794205764 0.43303571428571436 0.024262532792711792 2.9542441368103014 0.10506713887055717 0.018124864896138574 -7.8166666666666655
decision_type=10 2 10 8 8 10 10 10 2 8 8 10 10 10
left_child=1 4 6 -3 5 -1 13 8 -4 -6 -5 -9 -8 -2
right_child=2 3 7 10 9 -7 12 11 -10 -11 -12 -13 -14 -15
leaf_value=-0.19224277083408173 0.13569291166283867 -0.3219965415282382 0.027566322979742083 0.036972017077040738 0.083715384774268639 0.20774979954346634 0.26369024877856068 0.27835279923487216 0.35480845869656957 -0.088923074606889529 0.2835698721599248 -0.030972169030989923 -0.020969451788593742 -0.17014723468571902
leaf_weight=536 28 31 53 179 182 34 86 42 204 352 85 100 63 120
leaf_count=536 28 31 53 179 182 34 86 42 204 352 85 100 63 120
internal_value=9.71794e-05 -0.0649285 0.130405 0.0691075 -0.100939 -0.166698 0.0189714 0.211966 0.289328 -0.0297602 0.12035 0.066534 0.146233 -0.109415
internal_weight=2095 1399 696 295 1104 570 297 399 257 534 264 142 149 148
internal_count=2095 1399 696 295 1104 570 297 399 257 534 264 142 149 148
is_linear=0
shrinkage=0.05


Tree=15
num_leaves=16
num_cat=0
split_feature=58 58 58 10 26 67 5 79 30 41 28 60 21 16 66
split_gain=15983.6 3401.23 2461.58 1701.73 1896.23 1633.2 1575.31 1559.94 1441 1243.11 1358.11 1157.84 900.178 771.13 738.688
threshold=2.5000000000000004 11.500000000000002 -8.4999999999999982 8.0000000000000036 -0.05000000000000001 -0.21263348591552175 -0.050235422303722722 3.5000000000000004 0.13814380064380063 -0.020433726173044016 -0.27734942967072124 0.49281746031746049 -0.36845441255718464 0.033804057631641633 0.0046164773404598026
decision_type=10 10 8 8 8 10 8 2 10 8 8 10 8 10 10
left_child=2 7 9 4 -4 -5 14 13 -9 12 -11 -8 -1 -2 -3
right_child=1 6 3 5 -6 -7 11 8 -10 10 -12 -13 -14 -15 -16
leaf_value=-0.071595346063375476 -0.069032678874056563 0.15319002185549058 -0.16174983601226953 -0.096886490085044838 0.043230788435206217 -0.39951195594253419 0.26277729676334893 0.17862220816449476 -0.071857873572931663 -0.49516636420940535 -0.11148630883796394 -0.037276614109348315 -0.46218875395316705 0.15666719672524118 -0.15951991610047295
leaf_weight=20 269 30 193 114 258 74 457 236 72 24 143 33 97 39 36
leaf_count=20 269 30 193 114 258 74 457 236 72 24 143 33 97 39 36
internal_value=0.000195519 0.122558 -0.154947 -0.0990648 -0.0451903 -0.223528 0.21169 0.0409715 0.119696 -0.276619 -0.179708 0.242296 -0.401501 -0.0382479 -0.0158967
internal_weight=2095 1172 923 639 451 188 556 616 308 284 167 490 117 308 66
internal_count=2095 1172 923 639 451 188 556 616 308 284 167 490 117 308 66
is_linear=0
shrinkage=0.05


Tree=16
num_leaves=15
num_cat=0
split_feature=23 51 65 53 35 56 4 57 10 20 43 62 62 25
split_gain=6615.51 3594.47 2180.1 2004.29 2387.33 1889.73 1911.51 1596.74 1292.9 1245.36 1520.44 1030.54 722.461 192.106
threshold=1.0000000180025095e-35 -0.022481883255143952 2.1845607471002384 -0.0332685386141141 -0.013478036038577555 0.045906177156177168 0.33609207626432186 159.98095238095246 -13.749999999999998 0.26494981783131766 -7.1909090909090905 3.9999999999999969 -1.0000000180025095e-35 1.0000000180025095e-35
decision_type=10 8 10 8 8 10 8 10 8 8 10 10 10 8
left_child=1 9 5 7 -5 8 -7 -3 -2 10 -1 13 -11 -4
right_child=2 3 11 4 -6 6 -8 -9 -10 12 -12 -13 -14 -15
leaf_value=-0.016878816415555775 0.19555700436996468 -0.19363320044247934 0.41127962255477907 0.17033287085963997 -0.0119168424827907 -0.27295784648653665 0.054242571421699338 0.18378353065678055 -0.089984424993324513 -0.12017997286464202 0.31904206282148762 -0.1031665894985199 0.17168857631358236 0.13843381540477276
leaf_weight=39 39 148 20 286 467 276 51 30 413 36 211 20 39 20
leaf_count=39 39 148 20 286 467 276 51 30 413 36 211 20 39 20
internal_value=1.76737e-05 0.0725583 -0.108304 0.022114 0.0579052 -0.130896 -0.221728 -0.126467 -0.0633676 0.214386 0.267139 0.171749 0.0322115 0.306507
internal_weight=2095 1256 839 931 753 779 327 178 452 325 250 60 75 40
internal_count=2095 1256 839 931 753 779 327 178 452 325 250 60 75 40
is_linear=0
shrinkage=0.05


Tree=17
num_leaves=15
num_cat=0
split_feature=58 58 58 69 27 54 33 43 52 41 66 47 9 49
split_gain=13791.6 2814.28 2306.66 1681.92 1853.81 1486.02 1282.71 1281.74 1324.15 1093.28 1009.26 928.966 887.708 337.728
threshold=5.5000000000000009 -6.4999999999999991 20.500000000000004 0.026023880527645819 0.016666665131395478 1.0000000180025095e-35 -0.6977451667189597 -14.58333333333333 -0.088377614272758351 0.017461195659411548 0.0046164773404598026 -0.45379407176127035 0.036540287711457287 0.01345425347487131
decision_type=10 8 10 10 8 10 8 8 10 10 8 8 10 10
left_child=1 6 7 11 -5 13 -1 8 -2 -7 -9 -3 -8 -4
right_child=2 3 5 4 -6 9 12 10 -10 -11 -12 -13 -14 -15
leaf_value=-0.54503771648742261 0.11471549469617107 0.053793769594161746 0.70904604379947367 -0.09002902330585609 0.16314368839713111 0.034494369452198352 -0.15403952728967979 0.17270727518503792 -0.34833396715112031 0.3573583251620942 0.06126103832550045 -0.15960251655505631 -0.34574830167342063 0.28495592522621155
leaf_weight=27 26 57 21 147 133 55 285 391 27 48 439 338 81 20
leaf_count=27 26 57 21 147 133 55 285 391 27 48 439 338 81 20
internal_value=0.000116271 -0.125374 0.13064 -0.0625427 0.030805 0.313549 -0.231023 0.0991571 -0.130009 0.194997 0.114541 -0.128396 -0.20069 0.556719
internal_weight=2095 1068 1027 675 280 144 393 883 53 103 830 395 366 41
internal_count=2095 1068 1027 675 280 144 393 883 53 103 830 395 366 41
is_linear=0
shrinkage=0.05


Tree=18
num_leaves=16
num_cat=0
split_feature=58 58 58 29 27 69 60 35 79 73 5 42 41 62 9
split_gain=12581 2736.55 1975.46 1623.7 1490.79 1834.16 1456.25 2349.96 1435.58 1411.3 1364.89 1120.15 1104.39 1527.92 957.223
threshold=2.5000000000000004 11.500000000000002 -8.4999999999999982 -3.0119047846112923 -0.083041954030106932 -0.07495406015465654 0.22222222222222229 0.027092071676937241 3.5000000000000004 42.250000000000007 0.10021363068372012 2.6666666666666665 -0.020433726173044016 -9.1666666666666661 0.0082259961129542026
decision_type=10 10 8 8 8 10 10 10 2 10 10 8 8 8 10
left_child=2 3 12 8 9 -6 7 -3 -2 -4 -8 -5 14 -14 -1
right_child=1 6 4 11 5 -7 10 -9 -10 -11 -12 -13 13 -15 -16
leaf_value=-0.16549569134301734 0.0017329694346001703 0.30136813243642169 -0.031859848107937926 -0.089312188889953223 -0.1391836556925434 0.066870379035847374 -0.12828936633287055 0.040440791120959656 0.30848550915887413 -0.29377068358438985 0.19715746942730178 0.064266721788824588 0.15355903917156599 -0.22433604695997036 -0.480452970365012
leaf_weight=48 68 316 86 228 202 221 61 121 83 130 58 237 29 138 69
leaf_count=48 68 316 86 228 202 221 61 121 83 130 58 237 29 138 69
internal_value=0.000149587 0.108712 -0.13749 0.0355331 -0.0874326 -0.0318886 0.18866 0.230508 0.175149 -0.192798 0.0314824 -0.0110791 -0.246484 -0.155867 -0.363728
internal_weight=2095 1172 923 616 639 423 556 437 151 216 119 465 284 167 117
internal_count=2095 1172 923 616 639 423 556 437 151 216 119 465 284 167 117
is_linear=0
shrinkage=0.05


Tree=19
num_leaves=16
num_cat=0
split_feature=58 58 73 33 24 62 29 25 45 58 70 75 56 79 29
split_gain=11399.3 2471.81 1821.32 1563.59 1998.5 1500.99 1483.77 1356.65 1504.74 1255.38 1228.11 1140.61 961.52 918.77 613.591
threshold=2.5000000000000004 11.500000000000002 42.250000000000007 -0.60035558976232994 0.46684981684981658 -2.1666666666666674 -5.680681744488802 -0.23174603174603173 0.15905735443811866 20.500000000000004 -0.16570374835282561 825.80000000000007 0.05349002849002852 3.5000000000000004 -0.19076391326056627
decision_type=10 10 10 8 10 8 8 8 10 10 8 10 10 2 10
left_child=2 6 5 14 -5 11 12 8 -3 -9 -8 -1 -2 -7 -4
right_child=1 7 3 4 -6 13 10 9 -10 -11 -12 -13 -14 -15 -16
leaf_value=-0.048170521278196661 0.33725768610214196 -0.10538028073616518 -0.61357791123847516 -0.19558688600111299 0.061613979514526289 -0.036926931202469863 0.1449464264182517 0.16236771334657837 0.32188846213477001 0.3565473399871637 -0.038126271249951521 0.24011327880708611 -0.00049668030964361651 -0.26526035143875742 -0.19535419142671995
leaf_weight=66 55 73 24 471 87 123 112 344 23 116 417 63 32 66 23
leaf_count=66 55 73 24 471 87 123 112 344 23 116 417 63 32 66 23
internal_value=9.10571e-05 0.103431 -0.130924 -0.181548 -0.155206 -0.0331348 0.0338752 0.179415 0.00735856 0.21475 0.00153454 0.0959522 0.219207 -0.121702 -0.44834
internal_weight=2095 1172 923 605 558 318 616 556 96 460 529 129 87 189 47
internal_count=2095 1172 923 605 558 318 616 556 96 460 529 129 87 189 47
is_linear=0
shrinkage=0.05


Tree=20
num_leaves=14
num_cat=0
split_feature=58 58 58 10 2 54 66 33 57 39 41 19 33
split_gain=10372.1 2237.23 1812.44 1574.68 1565.46 1380 1174.91 1119.04 1085.19 1089.32 974.355 905.08 239.89
threshold=5.5000000000000009 -6.4999999999999991 20.500000000000004 8.0000000000000036 0.034813428038199042 1.0000000180025095e-35 0.10953583501811541 -0.6977451667189597 -237.00416666666658 -0.15113911110286909 0.017461195659411548 0.021210817620158199 0.10093171883463152
decision_type=10 8 10 10 10 10 10 8 8 8 10 8 8
left_child=1 7 8 4 -3 -4 -5 -1 12 -10 -7 -9 -2
right_child=2 3 5 6 -6 10 -8 11 9 -11 -12 -13 -14
leaf_value=-0.49507204396650195 -0.25785060918331143 -0.06812159500231868 0.50820471718907356 -0.084036575478254535 0.11709476552126599 0.01340381399417917 -0.38460310123757357 -0.048150366101716018 0.28528618479354517 0.079896162573415308 0.31609953407479346 -0.22442128106354262 -0.020388328570585985
leaf_weight=27 20 375 41 93 158 55 49 106 67 775 48 260 21
leaf_count=27 20 375 41 93 158 55 49 106 67 775 48 260 21
internal_value=9.79166e-05 -0.108726 0.113293 -0.0527263 -0.012546 0.275402 -0.197647 -0.202911 0.0853978 0.0978862 0.163032 -0.174842 -0.152747
internal_weight=2095 1068 1027 675 533 144 142 393 883 842 103 366 41
internal_count=2095 1068 1027 675 533 144 142 393 883 842 103 366 41
is_linear=0
shrinkage=0.05


Tree=21
num_leaves=16
num_cat=0
split_feature=58 58 54 55 58 76 77 3 29 47 48 41 41 42 68
split_gain=9454.36 2119.55 2038.05 2264.7 1597.13 1411.62 2311.87 1533.43 1300.03 1308.16 1227.85 994.662 935.376 907.867 907.541
threshold=2.5000000000000004 12.500000000000002 0.0089760720729827621 0.065232004970312132 -8.4999999999999982 0.74166666666666681 0.48333333333333339 -0.028430793279161055 -5.680681744488802 -0.44623813234890491 -0.096495714647665806 -0.020433726173044016 0.0042053114355672877 -0.49999999999999994 0.19565887299055856
decision_type=10 10 8 8 8 2 2 10 8 8 10 8 8 10 10
left_child=4 8 14 -4 11 6 -6 -7 10 -10 -2 13 -13 -1 -3
right_child=1 2 3 -5 5 7 -8 -9 9 -11 -12 12 -14 -15 -16
leaf_value=-0.14695344633489316 -0.07071673653554171 0.35242454396037681 -0.10481671007722618 0.18000925506181006 -0.035149257287213749 0.22035623187885475 -0.25931145574405107 -0.12361128230889638 -0.22241831411208426 0.031512716242929083 0.31215981382734354 0.098387843712761602 -0.18859714879920442 -0.44696427664758875 -0.0025033016204833985
leaf_weight=51 27 149 95 231 347 71 169 52 51 532 67 32 135 66 20
leaf_count=51 27 149 95 231 347 71 169 52 51 532 67 32 135 66 20
internal_value=5.8179e-05 0.0941723 0.172323 0.0965272 -0.119255 -0.074288 -0.110447 0.0754002 0.0361136 0.00751174 0.203662 -0.217222 -0.132054 -0.327982 0.311269
internal_weight=2095 1172 495 326 923 639 516 123 677 583 94 284 167 117 169
internal_count=2095 1172 495 326 923 639 516 123 677 583 94 284 167 117 169
is_linear=0
shrinkage=0.05


Tree=22
num_leaves=16
num_cat=0
split_feature=56 51 65 9 10 8 59 49 45 68 14 22 62 6 31
split_gain=4182.33 2789.98 2053.71 1966.76 1832.44 1839.48 1444.97 1374.44 1374.8 1352.98 1319.46 1307.35 1108.03 1098.09 552.134
threshold=0.058606902356902406 -0.007613112750862328 0.7598109719874151 0.0082259961129542026 10.000000000000004 1.2089145051108476 -0.20393518518518522 -0.039101713895797717 -0.16183142848312851 0.18995629064738753 0.15281746031746035 -0.2376685421913862 -8.1666666666666625 -0.57796092796092757 0.025076561822511622
decision_type=10 8 10 10 10 8 10 10 10 10 10 8 10 10 8
left_child=1 2 6 7 5 -3 -1 8 -2 -9 -4 14 -13 -6 -5
right_child=3 4 10 11 13 -7 -8 9 -10 -11 -12 12 -14 -15 -16
leaf_value=-0.091342022776370879 0.096932014670127478 0.10802652894484777 0.29356104002600941 -0.62708128754581727 0.082307289261370903 -0.044317512965085459 0.11714247838731773 0.11952201411748926 -0.26031264893749023 -0.18573515213405092 0.029197656973332597 0.064122536439787256 -0.22938165597085441 -0.26207380710549438 -0.20388505401788282
leaf_weight=123 34 319 194 23 27 505 233 145 92 43 64 39 135 98 21
leaf_count=123 34 319 194 23 27 505 233 145 92 43 64 39 135 98 21
internal_value=9.61847e-07 0.0412693 0.123863 -0.120407 -0.0124854 0.0148959 0.044704 -0.0388933 -0.163511 0.0464405 0.229974 -0.234087 -0.163363 -0.186998 -0.467536
internal_weight=2095 1563 614 532 949 824 356 314 126 188 258 218 174 125 44
internal_count=2095 1563 614 532 949 824 356 314 126 188 258 218 174 125 44
is_linear=0
shrinkage=0.05


Tree=23
num_leaves=16
num_cat=0
split_feature=58 58 38 54 51 75 58 48 48 79 61 15 60 54 40
split_gain=8186.98 1834.9 1872.23 1632.28 1559.24 1388.9 1593.44 1229.87 1933.47 1211.17 1302.43 1093.36 751.166 485.218 386.209
threshold=2.5000000000000004 11.500000000000002 -1.3229166666666659 -0.005404561758041381 0.0013897144195870461 1849.7500000000002 -8.4999999999999982 0.17212906051427132 0.075220537076502961 3.5000000000000004 0.46981837606837618 -0.018892538112898666 0.45974186307519638 -0.031338789810736976 -0.055486868973821393
decision_type=10 10 8 10 8 10 8 10 8 2 10 10 10 10 10
left_child=4 9 11 -4 7 6 -6 8 -1 12 -11 -3 -2 -7 -9
right_child=1 2 3 -5 5 13 -8 14 -10 10 -12 -13 -14 -15 -16
leaf_value=-0.057205816963460387 -0.066488854000635908 0.11354618896456325 0.22357780630469765 0.036856040485920165 -0.23425690455581336 -0.41819058933760972 -0.054835529634365443 -0.072644227972397432 0.24245564208863535 0.12531448198552322 -0.2527723410129547 0.52844978583102331 0.19673482770721118 -0.12832753085531295 -0.38678590506315236
leaf_weight=200 283 29 197 286 199 59 328 21 68 288 20 44 25 27 21
leaf_count=200 283 29 197 286 199 59 328 21 68 288 20 44 25 27 21
internal_value=-7.09088e-05 0.0874626 0.152928 0.114627 -0.111145 -0.15707 -0.124246 -0.019121 0.0216926 0.027538 0.0969579 0.38211 -0.0421621 -0.339788 -0.255217
internal_weight=2095 1172 556 483 923 613 527 310 268 616 308 73 308 86 42
internal_count=2095 1172 556 483 923 613 527 310 268 616 308 73 308 86 42
is_linear=0
shrinkage=0.05


Tree=24
num_leaves=15
num_cat=0
split_feature=23 22 65 23 9 35 6 52 56 4 29 64 62 11
split_gain=3694.02 2404.68 1580.14 1540.97 1538.72 1524.75 1793.01 1677.82 1258.66 1521.92 1181.43 1167.55 975.059 284.601
threshold=1.0000000180025095e-35 0.039253802224993715 2.1845607471002384 -1.0000000180025095e-35 -0.0082441179386150542 -0.0060855413554236288 0.89198717948717976 0.20470322321004158 0.045906177156177168 0.33609207626432186 -5.5555556615193682 -2.5552227769405218 3.9999999999999969 -0.07837432444406052
decision_type=10 10 10 8 8 8 10 8 10 8 8 8 10 10
left_child=1 3 8 4 -1 6 -3 -7 11 -10 -5 -2 13 -4
right_child=2 5 12 10 -6 7 -8 -9 9 -11 -12 -13 -14 -15
leaf_value=0.050902227724844457 0.11793792848841529 0.26732035244102748 0.1094418421983719 0.34684464842886542 -0.13969352334226601 -0.025841080928741374 -0.12534215041569302 0.26905197587693691 -0.22027252883885678 0.070116122812032708 0.044440405661712444 -0.083806551665307372 -0.10895900130271913 0.40765844964981079
leaf_weight=172 84 231 20 32 261 192 30 59 276 51 279 368 20 20
leaf_count=172 84 231 20 32 261 192 30 59 276 51 279 368 20 20
internal_value=-9.29085e-05 0.054072 -0.0810781 -0.00339714 -0.0641525 0.136904 0.220491 0.0471822 -0.100362 -0.174458 0.0807099 -0.0453247 0.156977 0.288389
internal_weight=2095 1256 839 744 433 512 261 251 779 327 311 452 60 40
internal_count=2095 1256 839 744 433 512 261 251 779 327 311 452 60 40
is_linear=0
shrinkage=0.05


Tree=25
num_leaves=16
num_cat=0
split_feature=5 77 32 57 24 14 19 47 3 3 19 18 57 26 4
split_gain=3439.84 2461.39 1798.49 1896.94 1751.53 1549.98 1453.88 1382.37 1229.3 1151.75 1109.62 917.258 700.134 633.053 604.287
threshold=-0.050235422303722722 0.27922077922077926 -0.15135068446397779 108.92857142857135 0.33333333333333343 -0.14923280423280422 -0.15247868994871774 0.054925425909459598 -0.28681346168741578 0.27125991322100168 -0.21872145007364449 -0.011237373737373711 -142.92222222222219 0.099999998013178507 -0.11826295126229523
decision_type=8 2 8 10 10 10 10 10 10 10 10 8 10 10 10
left_child=4 11 3 -3 5 8 14 -8 -1 -4 -7 12 -2 -13 -6
right_child=1 2 9 -5 6 10 7 -9 -10 -11 -12 13 -14 -15 -16
leaf_value=0.34530178681015972 -0.022389367387884045 0.044168457126050636 0.13362197901374079 -0.27910195070481492 -0.0063850641469745083 -0.04223747691219179 0.046505959108471877 0.45282506642242276 -0.054874716627310562 -0.049162649694416263 -0.22888394177493909 -0.047247930502457798 -0.29342123086550348 0.19805805944527188 -0.29670271426439287
leaf_weight=20 39 158 768 58 46 112 75 25 78 94 302 208 62 25 25
leaf_count=20 39 158 768 58 46 112 75 25 78 94 302 208 62 25 25
internal_value=0 0.0445464 0.0812454 -0.04676 -0.091719 -0.137681 0.0456165 0.165288 0.0391062 0.113463 -0.179616 -0.0732048 -0.19523 -0.0171095 -0.122062
internal_weight=2095 1412 1078 216 683 512 171 100 98 862 414 334 101 233 71
internal_count=2095 1412 1078 216 683 512 171 100 98 862 414 334 101 233 71
is_linear=0
shrinkage=0.05


Tree=26
num_leaves=15
num_cat=0
split_feature=58 58 69 10 58 49 25 17 11 22 65 5 33 15
split_gain=6791.27 1533.92 1382.66 1442.46 1354.54 1511.95 1306.29 1182.76 1480.23 1041.57 1078.39 976.155 957.984 864.222
threshold=5.5000000000000009 -6.4999999999999991 0.026023880527645819 -1.0000000180025095e-35 20.500000000000004 0.090656574815511717 0.10634920634920643 -0.17455160866181052 0.33447793871164327 -0.3804105904884636 1.5441658762121124 0.14132986707790268 0.052901204520215593 0.02485806603605549
decision_type=10 8 10 10 10 10 8 8 10 8 10 10 10 10
left_child=1 9 11 -4 7 6 -6 13 -9 -1 -11 -3 -7 -2
right_child=4 2 3 -5 5 12 -8 8 -10 10 -12 -13 -14 -15
leaf_value=0.14891422849435074 -0.26727132129334763 -0.076320555298074563 0.16595401732967452 -0.058421797929331665 0.16491595324542788 -0.21854889779179187 0.55033013189888813 0.1197207362521614 -0.041381619411545834 -0.21417412541608893 0.059009968610697017 -0.35970835288548297 0.19196398665507636 0.079388631926849487
leaf_weight=21 39 366 125 155 58 22 39 637 180 334 38 29 25 27
leaf_count=21 39 366 125 155 58 22 39 637 180 334 38 29 25 27
internal_value=0 -0.0880842 -0.0417183 0.0427247 0.0915678 0.231626 0.339747 0.0674951 0.0841303 -0.16607 -0.185723 -0.101488 -0.00176732 -0.129148
internal_weight=2095 1068 675 280 1027 144 97 883 817 393 372 395 47 66
internal_count=2095 1068 675 280 1027 144 97 883 817 393 372 395 47 66
is_linear=0
shrinkage=0.05


Tree=27
num_leaves=15
num_cat=0
split_feature=58 58 5 54 55 43 42 79 30 41 73 47 79 21
split_gain=6162.8 1444.34 1416.21 1546.89 1381.9 2127.52 1290.03 1250.62 1126.82 1121.07 1098.04 1023.92 982.654 955.079
threshold=2.5000000000000004 13.500000000000002 0.087449509029587133 -0.0096273074547449638 0.059878757844368614 -8.2911255411255436 -7.3333333333333295 3.5000000000000004 0.28561507936507941 -0.018341558651202596 47.750000000000007 0.75966649030645705 1.5000000000000002 0.080837012579043716
decision_type=10 10 8 10 10 10 8 2 10 10 10 10 2 8
left_child=4 6 3 -3 8 -6 13 -8 10 -10 -1 -4 -7 -2
right_child=1 2 11 -5 5 12 7 -9 9 -11 -12 -13 -14 -15
leaf_value=-0.099888364803897123 0.039113544994125178 0.22659878181117887 0.23724697119332033 -0.11387344787311222 -0.27282158219152025 -0.089562536776065835 -0.0051941552562185661 0.14561935269017462 -0.12727244534800131 0.297079380042851 -0.24191988491988245 -0.086878003565401873 0.26749946653238826 -0.17412810498509895
leaf_weight=564 97 48 269 85 31 23 262 282 26 27 183 24 69 105
leaf_count=564 97 48 269 85 31 23 262 282 26 27 183 24 69 105
internal_value=0 0.0759887 0.14895 0.0123995 -0.0963262 0.057544 0.0335438 0.073508 -0.120256 0.0950189 -0.136127 0.209517 0.177703 -0.073017
internal_weight=2095 1172 426 133 923 123 746 544 800 53 747 293 92 202
internal_count=2095 1172 426 133 923 123 746 544 800 53 747 293 92 202
is_linear=0
shrinkage=0.05


Tree=28
num_leaves=16
num_cat=0
split_feature=58 37 47 59 36 48 61 43 58 68 66 63 60 77 5
split_gain=5601.18 1311.35 1551.2 1618.52 1445.35 1314.68 1266.44 1479.66 1362.97 1250.39 855.036 1060.04 851.247 626.346 324.464
threshold=5.5000000000000009 -3.814660874505837 -0.53201279034838067 0.092500000000000013 -0.97876620292663563 0.17854667631352059 0.47849470899470903 -14.58333333333333 25.500000000000004 -0.36715877290504667 -0.0033085318489207587 0.0091867222261058472 0.49281746031746049 0.27922077922077926 0.060966851502945209
decision_type=10 8 8 8 10 10 10 8 10 8 10 10 8 2 10
left_child=1 4 3 -3 9 -4 7 12 -9 -1 11 -8 -2 -6 -12
right_child=6 2 5 -5 13 -7 10 8 -10 -11 14 -13 -14 -15 -16
leaf_value=-0.4724352802985754 -0.33077898363272351 0.47398920942997114 -0.035726735116976847 -0.062581111950178944 -0.12811828654619956 -0.27025611346948947 0.26815312129479868 0.094808484140292179 0.30874088447363607 -0.15929293183562085 -0.37623871001601222 -0.18441698434948922 0.036401278256542151 0.16203144815690973 -0.076726000905036937
leaf_weight=34 25 24 587 25 26 62 22 810 79 268 20 20 31 42 20
leaf_count=34 25 24 587 25 26 62 22 810 79 268 20 20 31 42 20
internal_value=0 -0.0799695 -0.0390315 0.218857 -0.155515 -0.060103 0.0831839 0.0996213 0.115496 -0.20183 -0.10051 0.0548874 -0.140376 0.0492303 -0.252758
internal_weight=2095 1068 698 49 370 649 1027 945 889 302 82 42 56 68 40
internal_count=2095 1068 698 49 370 649 1027 945 889 302 82 42 56 68 40
is_linear=0
shrinkage=0.05


Tree=29
num_leaves=14
num_cat=0
split_feature=58 51 75 58 58 25 17 36 64 15 36 53 26
split_gain=5088.07 1358.61 1574.72 1478.43 1248.35 2228.95 1457.98 1434.51 1186.21 1178.68 1147.24 872.337 558.566
threshold=2.5000000000000004 -0.025534252584394478 1849.7500000000002 -6.4999999999999991 16.500000000000004 0.037698412698412738 -0.2334656106928984 3.5875611305236803 2.967926724555308 0.019924299170573562 -3.4570659001668278 0.040762690206368808 -0.033333332339922576
decision_type=10 8 10 8 10 8 8 10 10 10 10 10 8
left_child=1 11 3 -3 6 7 -2 -6 -7 -8 -4 12 -1
right_child=4 2 10 -5 5 8 9 -9 -10 -11 -12 -13 -14
leaf_value=0.14864311496678151 -0.2763173854883228 -0.15913637612892945 -0.38228003502071628 -0.012442525031738771 -0.22526159659028056 0.38825562281104237 0.016742116336924334 0.1195771215857816 0.012066512170713396 0.14590655929007665 -0.063693713883941003 0.33113520075925273 -0.098836578167321387
leaf_weight=33 30 309 78 383 37 99 636 102 27 241 47 21 52
leaf_count=33 30 309 78 383 37 99 636 102 27 241 47 21 52
internal_value=-5.30902e-05 -0.0876224 -0.109474 -0.0786894 0.0689482 0.163513 0.0405193 0.0228039 0.311563 0.0529192 -0.269933 0.0776961 0
internal_weight=2095 923 817 692 1172 265 907 139 126 877 125 106 85
internal_count=2095 923 817 692 1172 265 907 139 126 877 125 106 85
is_linear=0
shrinkage=0.05


Tree=30
num_leaves=14
num_cat=0
split_feature=58 55 3 3 61 58 68 75 30 1 68 9 73
split_gain=4611.19 1169.75 1397.77 1499.46 1154.57 1129.17 1191.84 1077.37 1029.56 943.096 893.83 879.026 745.072
threshold=5.5000000000000009 0.039617187033096947 -0.15753900469280777 0.054074468323960907 0.47849470899470903 20.500000000000004 0.066326655074954041 500.50000000000006 0.12098072562358271 0.19600983150303367 0.077633048407733454 0.043718339193478416 37.750000000000007
decision_type=10 10 8 10 10 10 10 10 10 10 8 10 10
left_child=1 2 7 -4 5 9 -7 -1 10 -2 -6 12 -3
right_child=4 11 3 -5 8 6 -8 -9 -10 -11 -12 -13 -14
leaf_value=-0.037685670674016535 0.086786004228497915 0.2563375388813573 -0.010060795993721049 -0.16052783642378121 -0.36222282617696022 0.29250572373959843 -0.074502622112631797 -0.32422235941288075 0.15331709215353276 -0.082880756427203453 0.017565039396286012 -0.1904581028772028 0.018690207771031687
leaf_weight=50 723 38 432 265 33 109 25 102 24 88 25 33 148
leaf_count=50 723 38 432 265 33 109 25 102 24 88 25 33 148
internal_value=-5.58695e-05 -0.0726551 -0.099126 -0.0680756 0.0753794 0.0910872 0.223457 -0.234487 -0.0999002 0.0679195 -0.209326 0.0296639 0.072943
internal_weight=2095 1068 849 697 1027 945 134 152 82 811 58 219 186
internal_count=2095 1068 849 697 1027 945 134 152 82 811 58 219 186
is_linear=0
shrinkage=0.05


Tree=31
num_leaves=14
num_cat=0
split_feature=58 73 62 33 32 11 27 58 54 29 79 29 64
split_gain=4206.9 1227.23 1365.93 1256.36 1230.84 1124.82 1091.07 1083.88 1661.49 1188.95 887.796 663.232 486.377
threshold=2.5000000000000004 42.250000000000007 -2.1666666666666674 -0.60035558976232994 -0.4831677190959453 -1.0574335126827159 -0.11111110945542653 12.500000000000002 0.0089760720729827621 -3.1906565124338324 3.5000000000000004 -0.19076391326056627 0.30402415211266948
decision_type=10 10 8 8 10 8 8 10 8 8 2 10 10
left_child=1 2 4 11 -1 12 -5 9 -9 -7 -4 -3 -2
right_child=5 3 10 6 -6 7 -8 8 -10 -11 -12 -13 -14
leaf_value=0.27893560049768823 0.10382352067578225 -0.52255307343499424 -0.0030896753785782495 -0.19677278867902909 -0.022189390498238641 0.1283561340975575 -0.047964060237435137 0.2392714146018764 0.040899589490262594 -0.028112473552000469 -0.22568879368859279 -0.12276019014950311 0.43536644368765076
leaf_weight=60 26 24 123 183 69 155 375 157 313 498 66 23 23
leaf_count=60 26 24 123 183 69 155 375 157 313 498 66 23 23
internal_value=-0.000103952 -0.0797323 0 -0.121247 0.122678 0.0626366 -0.0981699 0.0516086 0.109091 0.009645 -0.0848937 -0.358487 0.286274
internal_weight=2095 923 318 605 129 1172 558 1123 470 653 189 47 49
internal_count=2095 923 318 605 129 1172 558 1123 470 653 189 47 49
is_linear=0
shrinkage=0.05


Tree=32
num_leaves=15
num_cat=0
split_feature=58 58 38 67 35 3 3 73 65 76 29 21 45 42
split_gain=3842.18 1289.44 1689.86 1302.1 1171.3 1133.09 1568.09 1681.09 1377.94 1274.94 1087.86 1068.53 996.147 994.496
threshold=1.0000000180025095e-35 11.500000000000002 -1.3229166666666659 0.34186884676652934 0.027092071676937241 -0.16004739981144664 -0.011308801360428332 48.750000000000007 1.0043792430138476 0.74166666666666681 -3.391798980652339 0.0040706209838390359 0.12414869572967292 4.0000000000000018
decision_type=8 10 8 10 8 8 8 10 10 2 8 8 10 8
left_child=5 10 4 -4 -3 9 8 -8 -7 11 12 -1 -2 -12
right_child=1 2 3 -5 -6 6 7 -9 -10 -11 13 -13 -14 -15
leaf_value=-0.44746282874916993 0.17840008620290795 0.51067867453505356 0.11195248655057727 -0.091457366868100992 0.10270823355586756 0 -0.058759998879939705 -0.29071308878809216 0.37552449991626125 0.068095979640881224 -0.07969817372253464 -0.077178058302716207 -0.10728931449353696 0.044402594185877046
leaf_weight=55 137 36 389 94 37 115 380 95 26 25 338 33 35 300
leaf_count=55 137 36 389 94 37 115 380 95 26 25 338 33 35 300
internal_value=-9.3097e-05 0.0493101 0.107587 0.0717316 0.324379 -0.0924382 -0.064512 -0.1078 0.0796708 -0.235065 0.00883136 -0.320758 0.118595 -0.0213743
internal_weight=2095 1366 556 483 73 729 616 475 141 113 810 88 172 638
internal_count=2095 1366 556 483 73 729 616 475 141 113 810 88 172 638
is_linear=0
shrinkage=0.05


Tree=33
num_leaves=14
num_cat=0
split_feature=58 51 10 60 5 34 27 60 58 70 53 3 61
split_gain=3488.97 1191.94 1425.23 1883.73 1872.08 1049.52 1072.19 1061.74 1728.66 1239.65 762.518 744.674 632.901
threshold=2.5000000000000004 -0.025534252584394478 6.9999999999999991 -0.14305555555555549 -0.31452745199203486 0.083356944785919054 -0.43601190414102303 0.22797619047619047 11.500000000000002 0.17673000639382133 0.040762690206368808 -0.052718449383974068 0.53511904761904772
decision_type=10 8 10 8 8 10 10 10 10 10 10 8 8
left_child=1 10 4 -4 -3 7 -7 8 -2 -9 11 -1 -8
right_child=5 2 3 -5 -6 6 12 9 -10 -11 -12 -13 -14
leaf_value=0.20038541664905624 0.035783845682860103 -0.36429118165827318 0.083940186690200466 -0.29665885393482611 -0.032534953546111717 -0.26086080961284186 0.040642157460803095 -0.12842906580792854 0.18994089916051399 0.14986944251483489 0.31906813807212392 -0.093585961960977126 -0.21576045850912728
leaf_weight=28 389 41 39 143 594 37 216 108 343 57 21 57 22
leaf_count=28 389 41 39 143 594 37 216 108 343 57 21 57 22
internal_value=-5.89969e-05 -0.0725774 -0.0930754 -0.214771 -0.0567122 0.0570755 -0.0278563 0.0831793 0.108885 -0.0304152 0.0820375 0.00844877 0.0127835
internal_weight=2095 923 817 182 635 1172 275 897 732 165 106 85 238
internal_count=2095 923 817 182 635 1172 275 897 732 165 106 85 238
is_linear=0
shrinkage=0.05


Tree=34
num_leaves=15
num_cat=0
split_feature=58 51 9 74 58 54 29 47 29 76 66 25 68 19
split_gain=3168.85 1341.33 1348.25 1262.05 1046.55 1027.18 1292.58 946.43 1692.18 1184.43 924.665 888.043 720.229 718.127
threshold=1.0000000180025095e-35 -0.016155381066103772 -0.043865647525316923 72.500000000000014 20.500000000000004 0.040895769993464177 1.7500002384185793 0.20132624513159197 -3.6880094395743455 0.63068181818181823 -0.51689931683552748 0.11111111111111109 0.16827962344201905 -1.0000000180025095e-35
decision_type=8 8 8 8 10 10 10 10 8 2 10 8 10 8
left_child=1 10 13 -4 7 6 -6 8 -2 -9 -1 -7 -12 -3
right_child=4 2 3 -5 5 11 -8 9 -10 -11 12 -13 -14 -15
leaf_value=0.34505567550659183 0.1394363719696379 0.32750315144658093 -0.17178527109882502 0.0074415327143646029 0.51323619404354615 -0.049952060108383496 0.015705630870965812 0.052073980059015423 -0.0335065392619237 0.28461750447750095 -0.10882126440183591 0.26243287659117154 0.17257127386291285 -0.034396761926737705
leaf_weight=20 172 20 451 124 32 61 21 287 699 64 54 30 32 28
leaf_count=20 172 20 451 124 32 61 21 287 699 64 54 30 32 28
internal_value=-9.92006e-05 -0.0839653 -0.111898 -0.133317 0.0447646 0.170043 0.335312 0.0293283 0.00118908 0.0980174 0.0773971 0.0608158 0 0.132122
internal_weight=2095 729 623 575 1366 144 53 1222 871 351 106 91 86 48
internal_count=2095 729 623 575 1366 144 53 1222 871 351 106 91 86 48
is_linear=0
shrinkage=0.05


Tree=35
num_leaves=13
num_cat=0
split_feature=58 10 14 58 39 74 43 52 12 70 30 67
split_gain=2899.05 1041.97 1378.82 1163.61 1384.82 1351.96 1018.53 1053.21 857.928 1309.57 1178.78 633.762
threshold=5.5000000000000009 8.0000000000000036 0.22500000000000003 -10.499999999999998 -0.28058547029892594 70.500000000000014 -14.58333333333333 -0.088377614272758351 0.27421191986650234 -0.16570374835282561 -0.041240981240981293 -0.29999999962747093
decision_type=10 10 8 8 8 8 8 10 10 8 10 10
left_child=1 3 11 5 -5 -1 7 -2 10 -10 -8 -3
right_child=6 2 -4 4 -6 -7 8 -9 9 -11 -12 -13
leaf_value=-0.25426359341903165 0.081127360638450177 -0.056107579995212813 0.20675062012672424 0.2426113734504691 -0.021456688442932709 0.015374650239634018 0.029962947392816505 -0.30926472270810929 0.23414993538306308 -0.090663010172398861 0.15299885228244986 -0.25064603151080922
leaf_weight=105 29 65 20 49 611 79 373 32 34 147 412 139
leaf_count=105 29 65 20 49 611 79 373 32 34 147 412 139
internal_value=7.02366e-05 -0.0574517 -0.152191 -0.0315004 -9.97081e-05 -0.140886 0.0599255 -0.130825 0.072634 -0.0247254 0.0951601 -0.191725
internal_weight=2095 1068 224 844 660 184 1027 61 966 181 785 204
internal_count=2095 1068 224 844 660 184 1027 61 966 181 785 204
is_linear=0
shrinkage=0.05


Tree=36
num_leaves=15
num_cat=0
split_feature=58 51 9 62 38 3 74 12 50 42 34 69 44 25
split_gain=2657.76 1343.3 1243.35 1208.63 1098.15 1211.66 1085.12 1043.94 1051.87 961.596 859.389 852.005 848.883 787.323
threshold=-2.4999999999999996 -0.01409008605405688 -0.044657307143831731 9.3333333333333339 -0.75595238095238126 -0.0059929750859737388 62.500000000000007 -0.5641114655882119 0.83333333333333326 -13.499999999999996 -0.071126799099147306 0.20475302644384408 -0.078538117309411362 0.61250000000000016
decision_type=8 8 8 10 8 8 8 8 10 8 10 10 10 8
left_child=1 6 10 -4 5 12 -1 8 -6 -9 -3 -8 -2 -7
right_child=4 2 3 -5 7 13 11 9 -10 -11 -12 -13 -14 -15
leaf_value=0.3277936500887717 0.015539486292335723 -0.093431435346603406 -0.15821641588152532 0.15458426701233668 0.041934764305750528 0.096118848521818123 -0.12518349616167446 -0.13251606774926186 0.37326509105531791 0.015513955765904289 0.31976967917548288 0.21303598934577572 0.32415465098509399 -0.11873119769651178
leaf_weight=26 31 20 466 29 70 176 55 120 33 891 22 22 83 51
leaf_count=26 31 20 466 29 70 176 55 120 33 891 22 22 83 51
internal_value=6.44123e-05 -0.0844395 -0.116081 -0.138428 0.0374307 0.115271 0.0778015 0.0131503 0.160918 -0.00257284 0.132936 -0.0208419 0.244832 0.0461145
internal_weight=2095 640 537 495 1455 341 103 1114 103 1011 42 77 114 227
internal_count=2095 640 537 495 1455 341 103 1114 103 1011 42 77 114 227
is_linear=0
shrinkage=0.05


Tree=37
num_leaves=14
num_cat=0
split_feature=51 33 12 17 75 24 66 10 23 9 24 37 30
split_gain=1824.45 1844.68 1217.22 1178.77 1349.02 1029.66 1181.16 1135.94 1045.21 939.578 763.724 714.187 570.205
threshold=-0.02269448734919673 -0.67889296563807866 0.054583324398845445 -0.23936965564886725 2395.8000000000006 -0.12792207792207774 -0.19355632918886839 -0.91666666666666774 -1.0000000180025095e-35 -0.026762041502877271 -0.72916666666666652 -1.2261773099501927 -0.22423941798941793
decision_type=8 8 10 8 10 10 10 10 10 10 8 10 10
left_child=5 2 -2 11 -5 7 8 10 -7 -8 -1 -3 -9
right_child=1 3 -4 4 -6 6 9 12 -10 -11 -12 -13 -14
leaf_value=0.042364332079887393 -0.047725072621621872 -0.43407780473621993 -0.44420898118544194 0.0045586377281787863 -0.24984352577788138 0.37707834072507823 0.23572325854458742 0.28858445942002747 0.047867439038575044 -0.013055474807938131 -0.28936332217521138 -0.035374310529894301 0.021609585285186767
leaf_weight=26 39 21 37 1479 49 72 49 23 38 125 40 22 75
leaf_count=26 39 21 37 1479 49 72 49 23 38 125 40 22 75
internal_value=0.000215196 -0.024137 -0.256873 -0.012067 -0.00435521 0.0891308 0.145935 -0.0103487 0.270812 0.0613511 -0.164198 -0.256065 0.0957197
internal_weight=2095 1647 76 1571 1528 448 284 164 110 174 66 43 98
internal_count=2095 1647 76 1571 1528 448 284 164 110 174 66 43 98
is_linear=0
shrinkage=0.05


Tree=38
num_leaves=16
num_cat=0
split_feature=56 9 51 64 10 64 11 71 68 49 47 61 47 22 59
split_gain=1930.26 1363.71 1119.19 1564.73 1321.04 1629.91 1256.17 1251.03 1114.27 1401.8 1062.57 990.146 753.231 617.716 610.662
threshold=0.058606902356902406 0.0019782663062017651 -0.007613112750862328 0.69690835726776001 10.000000000000004 -2.4700855606827079 0.56217662245035183 -178.34999999999997 0.18995629064738753 -0.029092724124590543 -0.35871737574537593 0.16701492951492958 -0.52420378358413766 -0.0091590133185188004 -0.02777777777777787
decision_type=10 10 8 10 10 8 10 10 10 10 10 10 10 8 10
left_child=2 8 3 7 5 -4 -5 -1 9 -2 -6 12 -3 -13 -10
right_child=1 11 4 6 10 -7 -8 -9 14 -11 -12 13 -14 -15 -16
leaf_value=-0.018289528155906332 -0.082332294605193881 0.10612988810281497 0.20777247692176115 0.21031161744363056 0.088214774388406025 -0.0083309126342488403 -0.088610498218580233 0.34877332553267482 -0.0077898466070958731 0.16609793684343582 -0.23487635148604485 -0.44243533164262772 -0.1451680858194225 -0.089177879977419425 -0.33910824006254026
leaf_weight=319 104 32 94 237 31 730 38 20 25 114 94 39 168 22 28
leaf_count=319 104 32 94 237 31 730 38 20 25 114 94 39 168 22 28
internal_value=0.000144214 -0.0816482 0.0281874 0.0804987 -0.00584987 0.0173658 0.167983 0.00797537 -0.00247403 0.0481679 -0.154054 -0.162076 -0.103109 -0.332196 -0.197832
internal_weight=2095 532 1563 614 949 824 275 339 271 218 125 261 200 61 53
internal_count=2095 532 1563 614 949 824 275 339 271 218 125 261 200 61 53
is_linear=0
shrinkage=0.05


Tree=39
num_leaves=15
num_cat=0
split_feature=58 37 48 25 44 68 61 43 11 30 68 10 50 24
split_gain=2260.46 991.145 1325.52 1744.17 1205.45 1110.01 954.589 1153.64 1080.66 916.875 836.195 818.811 802.977 474.955
threshold=5.5000000000000009 -3.814660874505837 0.16462370746192478 0.010019841269841291 -0.15753700405669704 -0.26328857289627189 0.47849470899470903 -14.58333333333333 0.76498122792691003 0.12098072562358271 0.077633048407733454 7.0000000000000036 0.83333333333333381 0.19267676767676781
decision_type=10 10 10 8 10 8 10 8 10 10 8 10 10 8
left_child=1 5 4 -4 -3 13 7 12 -9 10 -8 -7 -2 -1
right_child=6 2 3 -5 -6 11 9 8 -10 -11 -12 -13 -14 -15
leaf_value=-0.41136459295566263 -0.28188365574161978 0.16275950318512819 -0.39135150824052595 0.035128767715365279 -0.018045806132746044 -0.032369453730061649 -0.35677552721218064 0.094903597043001942 -0.13686526837172333 0.13398032947603999 0.011466485708951951 -0.19760903696715834 0.080041876104142928 -0.10758410106404881
leaf_weight=34 34 115 43 46 393 315 33 840 49 24 25 95 22 27
leaf_count=34 34 115 43 46 393 315 33 840 49 24 25 95 22 27
internal_value=9.19058e-05 -0.0506984 -0.00763189 -0.180248 0.0239745 -0.104527 0.0529481 0.0672847 0.081379 -0.106069 -0.208944 -0.0726967 -0.143973 -0.295999
internal_weight=2095 1068 597 89 508 471 1027 945 889 82 58 410 56 61
internal_count=2095 1068 597 89 508 471 1027 945 889 82 58 410 56 61
is_linear=0
shrinkage=0.05


Tree=40
num_leaves=13
num_cat=0
split_feature=58 33 59 9 19 38 16 66 43 43 60 4
split_gain=2089.81 1035.68 1165.78 1371.88 1210.16 939.445 1189.97 1399.06 936.192 1108.33 1031.64 331.456
threshold=-2.4999999999999996 -0.6977451667189597 0.12922008547008554 0.035873458264762619 -0.26367939356714482 -0.75595238095238126 0.033804057631641633 -0.083603280750021547 8.880050505050507 -7.0999999999999988 0.090277777777777832 0.20073564909398559
decision_type=8 8 10 8 10 8 10 10 10 8 8 8
left_child=1 -1 3 -3 -4 6 7 -2 9 -7 -10 -8
right_child=5 2 4 -5 -6 8 11 -9 10 -11 -12 -13
leaf_value=-0.31310568427623708 0.19472779543799035 0.03947273815777326 0.089124814903034894 -0.14187826115347735 -0.25993057667017655 -0.075876554122194656 0.47771837364137176 -0.021514956021438478 -0.22386056703840751 0.056263321333068918 0.028921767062059157 0.14321169877052306
leaf_weight=38 122 318 29 149 106 195 20 179 78 765 76 20
leaf_count=38 122 318 29 149 106 195 20 179 78 765 76 20
internal_value=-3.83523e-05 -0.0750157 -0.0574491 -0.0191728 -0.184086 0.0330511 0.105043 0.0677179 0.0105985 0.0291165 -0.10181 0.346072
internal_weight=2095 640 602 467 135 1455 341 301 1114 960 154 40
internal_count=2095 640 602 467 135 1455 341 301 1114 960 154 40
is_linear=0
shrinkage=0.05


Tree=41
num_leaves=14
num_cat=0
split_feature=58 38 25 42 56 70 33 9 35 21 37 29 21
split_gain=1954.49 1419.8 1232.18 1227.09 2093.33 1472.89 1155.61 1014.75 1004.31 962.389 867.137 840.819 425.249
threshold=11.500000000000002 -1.3229166666666659 -0.23174603174603173 4.3333333333333313 0.044926184926184963 -0.048378910403698676 -0.6977451667189597 -0.018641146086981784 0.027092071676937241 0.057421964593231685 9.5460545718669909 1.7500002384185793 -0.16624286980368194
decision_type=10 8 8 10 10 10 8 10 8 8 10 10 10
left_child=3 8 11 6 5 -5 12 -6 -2 -8 -4 -3 -1
right_child=1 2 10 4 7 -7 9 -9 -10 -11 -12 -13 -14
leaf_value=-0.42995275855064397 0.45010036186474123 -0.25220336786542952 0.055238092494999162 0.21081306551872145 0.071479586038206297 -0.00043429704787938491 0.0068518862560426001 -0.15970256441437147 0.076184793455260136 -0.093733973099373993 0.2796394304931164 0.054882525996782075 -0.10434064787945577
leaf_weight=23 36 47 355 169 65 156 426 148 37 529 45 36 23
leaf_count=23 36 47 355 169 65 156 426 148 37 529 45 36 23
internal_value=-3.48545e-05 0.0798702 0.0472404 -0.0291 0.0315481 0.110793 -0.0617406 -0.0889033 0.278255 -0.0490112 0.0837474 -0.122891 -0.294318
internal_weight=2095 556 483 1539 538 325 1001 213 73 955 400 83 46
internal_count=2095 556 483 1539 538 325 1001 213 73 955 400 83 46
is_linear=0
shrinkage=0.05


Tree=42
num_leaves=16
num_cat=0
split_feature=56 9 66 43 34 65 10 68 49 29 69 65 10 16 41
split_gain=1482.17 1152.54 1142.03 1407.04 1291.59 1162.64 1290.94 1023.06 1222.29 981.956 1136.78 965.131 920.642 699.316 635.881
threshold=0.058606902356902406 0.0019782663062017651 0.0046164773404598026 -7.1909090909090905 -0.22549564542714504 1.5148651860457802 15.083333333333336 0.18995629064738753 -0.029092724124590543 -0.38682672712537952 -0.24771531453977025 2.5160024274137673 6.5000000000000027 0.015530580654740335 -0.0014725933351285509
decision_type=10 10 8 10 10 10 10 10 10 10 10 10 10 10 10
left_child=2 7 3 12 -5 6 -4 8 -2 13 -11 -7 -1 -3 -9
right_child=1 9 5 4 -6 11 -8 14 -10 10 -12 -13 -14 -15 -16
leaf_value=0.0095607995055615909 -0.072498489467324609 -0.12016905539624748 -0.022876974100501633 0.24310358124361797 0.063629926713634821 0.24197407102312996 -0.31550452108494942 -0.33036402266359693 0.15953060251449336 -0.0022573747113347055 -0.33882710945630529 -0.027597847758304508 -0.27129758138482168 0.11780920409682123 0.0016463781148195267
leaf_weight=99 104 100 690 127 449 69 35 28 114 35 87 58 36 39 25
leaf_count=99 104 100 690 127 449 69 35 28 114 35 87 58 36 39 25
internal_value=-9.91866e-06 -0.0717269 0.0245195 0.0710877 0.105039 -0.0144717 -0.0391365 0.000649221 0.04947 -0.145664 -0.246554 0.122102 -0.071992 -0.0512788 -0.186252
internal_weight=2095 532 1563 711 576 852 725 271 218 261 122 127 135 139 53
internal_count=2095 532 1563 711 576 852 725 271 218 261 122 127 135 139 53
is_linear=0
shrinkage=0.05


Tree=43
num_leaves=11
num_cat=0
split_feature=58 17 32 39 71 21 41 20 76 70
split_gain=1740.37 1116.11 1070.67 1627.68 1279.81 954.473 1229.58 1203.07 913.305 912.116
threshold=-6.4999999999999991 -0.2334656106928984 -0.24170857301214707 -0.17845361245175201 -236.79999999999998 -0.3838951420038938 -0.018703383856836526 -0.001353759638732299 0.89444444444444449 -0.098057117965072382
decision_type=8 8 8 8 10 8 8 8 2 10
left_child=5 9 4 -4 -3 -1 7 -7 -8 -2
right_child=1 2 3 -5 -6 6 8 -9 -10 -11
leaf_value=0.13707312069288113 -0.38500683248043061 -0.10215253353410175 0.23306354403222374 0.031371085689808932 0.20697684767536628 -0.0089690192887673572 -0.080351796517743893 -0.32309407843276861 0.21636922026673955 0.0027959963253566199
leaf_weight=36 25 238 104 1271 34 44 189 99 25 30
leaf_count=36 25 238 104 1271 34 44 189 99 25 30
internal_value=-8.96772e-05 0.0218396 0.0294991 0.0474518 -0.0602923 -0.0942674 -0.119305 -0.230346 -0.0413113 -0.190039
internal_weight=2095 1702 1647 1375 272 393 357 143 214 55
internal_count=2095 1702 1647 1375 272 393 357 143 214 55
is_linear=0
shrinkage=0.05


Tree=44
num_leaves=13
num_cat=0
split_feature=58 66 65 24 62 48 69 11 5 25 5 22
split_gain=1642.66 839.612 1564.92 1629.38 1262.22 1498.19 1272.41 837.36 841.976 1783.68 801.44 442.571
threshold=5.5000000000000009 0.49795587391903018 -2.7907224549759735 0.12403846153846156 -0.66666666666666774 0.10124442787506639 -0.036161873862147323 0.86104957293719064 -0.041571774549083777 -0.12500000000000003 -0.0094213503221648592 0.17615724094212057
decision_type=10 10 10 10 8 10 10 10 8 8 8 8
left_child=1 4 -3 -4 6 -6 -1 8 9 -2 -10 -9
right_child=7 2 3 -5 5 -7 -8 11 10 -11 -12 -13
leaf_value=-0.056818200906007733 -0.2775589395314455 0.26293353474140169 -0.24274477035417197 0.026358850540100842 -0.026511091499623465 -0.25382939784423164 0.13067834685980714 -0.30678727889060975 0.25117378894600179 0.052359478560343287 0.062243953914461914 0.0051247910261154181
leaf_weight=153 51 20 166 82 352 87 208 20 57 148 731 20
leaf_count=153 51 20 166 82 352 87 208 20 57 148 731 20
internal_value=-9.13748e-05 -0.0434318 -0.119204 -0.154807 -0.0174032 -0.0740242 0.0513858 0.0449229 0.0543367 -0.0366779 0.0774708 -0.166479
internal_weight=2095 1068 268 248 800 439 361 1027 987 199 788 40
internal_count=2095 1068 268 248 800 439 361 1027 987 199 788 40
is_linear=0
shrinkage=0.05


Tree=45
num_leaves=14
num_cat=0
split_feature=51 33 46 17 32 12 17 75 20 36 37 29 31
split_gain=1337.71 1350.43 1039.24 1664.83 1469.41 996.333 971.308 1128.04 964.298 927.274 594.388 458.562 222.229
threshold=-0.02269448734919673 -0.67889296563807866 -0.36802577724059415 -1.0000000180025095e-35 0.15592459589242938 0.054583324398845445 -0.23936965564886725 2395.8000000000006 0.21796262601856145 6.8250547250111895 -1.2261773099501927 -0.13029109864007712 -0.046426162216812367
decision_type=8 8 8 10 10 10 8 10 8 10 10 8 8
left_child=2 5 3 12 9 -2 10 -8 -6 -4 -3 -5 -1
right_child=1 6 4 11 8 -7 7 -9 -10 -11 -12 -13 -14
leaf_value=0.22159614107356621 -0.032395226999439974 -0.394560836484799 -0.10980701347111495 0.17612706812528464 0.25955030709505084 -0.38946911664236161 0.0044586453750614088 -0.22817551452252599 -0.081741008303802598 0.085230991384821334 -0.030964278678099318 -0.10105827972558992 0.55078038358026082
leaf_weight=21 39 21 149 21 85 37 1479 49 24 96 22 30 22
leaf_count=21 39 21 149 21 85 37 1479 49 24 96 22 30 22
internal_value=-0.000128874 -0.0210246 0.0759645 0.219443 0.0352008 -0.220162 -0.0106913 -0.00368875 0.183676 -0.0330078 -0.23218 0.017719 0.430887
internal_weight=2095 1647 448 94 354 76 1571 1528 109 245 43 51 43
internal_count=2095 1647 448 94 354 76 1571 1528 109 245 43 51 43
is_linear=0
shrinkage=0.05


Tree=46
num_leaves=16
num_cat=0
split_feature=58 42 56 70 20 51 69 60 35 14 45 3 4 48 14
split_gain=1462.84 1100.03 1695.33 1300.18 1140.09 1577.89 1519.55 929.666 1531.88 1266.9 1078.16 887.853 777.523 690.802 406.671
threshold=11.500000000000002 4.3333333333333313 0.044926184926184963 -0.048378910403698676 0.10159744881093503 0.039224337103466206 0.37910042827328055 0.22222222222222229 0.027092071676937241 0.05033359497645213 0.13458737730979922 -0.30933943390846247 0.47616324387490755 0.11391637715555371 0.14295634920634928
decision_type=10 10 10 10 8 10 8 10 10 10 10 10 10 10 10
left_child=1 4 3 -3 5 -1 -6 8 12 10 -9 -4 -2 -10 -11
right_child=7 2 11 -5 6 -7 -8 9 13 14 -12 -13 -14 -15 -16
leaf_value=-0.035173224138737358 0.18038432776519531 0.19739578780771672 0.098285319629524442 -0.0010433060105496683 -0.1946638160182492 0.23117195689119399 -0.024172887181956995 -0.27172626949965006 -0.10148917606873614 0.29573901534080504 0.12470495878718793 -0.13285946665543641 -0.11790274015069009 0.19121231144666673 -0.00029579423941098729
leaf_weight=419 296 169 51 156 250 59 273 58 101 20 20 162 20 20 21
leaf_count=419 296 169 51 156 250 59 273 58 101 20 20 162 20 20 21
internal_value=-0.000132006 -0.0252801 0.0321277 0.103421 -0.0561906 -0.000141701 -0.106836 0.0689933 0.102535 -0.0529463 -0.168086 -0.0763007 0.159807 -0.047044 0.159474
internal_weight=2095 1539 538 325 1001 478 523 556 437 119 78 213 316 121 41
internal_count=2095 1539 538 325 1001 478 523 556 437 119 78 213 316 121 41
is_linear=0
shrinkage=0.05


Tree=47
num_leaves=11
num_cat=0
split_feature=58 17 32 61 59 21 41 20 62 70
split_gain=1379.91 951.832 897.937 1025.74 955.279 854.906 1088.25 1079.39 892.421 761.841
threshold=-6.4999999999999991 -0.2334656106928984 -0.24170857301214707 -0.044931908369408337 -0.12295574795574792 -0.3838951420038938 -0.018703383856836526 -0.001353759638732299 -6.5833333333333313 -0.098057117965072382
decision_type=8 8 8 10 8 8 8 8 8 10
left_child=5 9 4 -4 -3 -1 7 -7 -8 -2
right_child=1 2 3 -5 -6 6 8 -9 -10 -11
leaf_value=0.13470904361910938 -0.3543741835653782 -0.20948354668311173 0.0047840167052196104 0.091765692883040303 0.00011930821481375742 -0.0030161328157600094 0.13311271216657203 -0.29994396689849406 -0.093584260724936474 0.00026000380516052248
leaf_weight=36 25 69 775 600 203 44 54 99 160 30
leaf_count=36 25 69 775 600 203 44 54 99 160 30
internal_value=-7.42666e-05 0.0194497 0.0265271 0.0429709 -0.055693 -0.0839363 -0.107679 -0.212108 -0.034419 -0.176202
internal_weight=2095 1702 1647 1375 272 393 357 143 214 55
internal_count=2095 1702 1647 1375 272 393 357 143 214 55
is_linear=0
shrinkage=0.05


end of trees

feature_importances:
diff_opening_spread=79
diff_rb_weighted_epa_std=20
diff_off_sack_rate_std=18
diff_def_penalty_yards_drawn_roll6=17
diff_off_three_and_out_rate_roll6=16
travel_miles_away=15
diff_def_explosive_rush_rate_std=14
diff_ko_return_avg_std=14
diff_trailing_def_epa_roll6=14
diff_off_penalty_yards_std=13
diff_away_def_epa_roll3=12
diff_fg_pct_long_std=12
diff_leading_off_epa_std=12
diff_off_success_rate_roll6=12
diff_nondiv_def_epa_roll3=11
diff_off_explosive_rush_rate_roll3=11
diff_off_third_down_rate_roll3=11
diff_off_top_seconds_std=11
diff_skill_injury_impact_roll3=11
diff_away_off_epa_std=10
diff_nondiv_def_epa_roll6=10
diff_opp_fumble_recovery_rate_std_roll3=10
diff_pace_roll3=10
diff_div_off_epa_roll6=9
diff_fg_att_std=9
diff_off_avg_drive_yards_roll6=9
diff_off_cpoe_roll6=9
diff_off_rz_epa_roll6=9
diff_trailing_def_epa_std=9
wins_home=9
diff_def_rz_epa_roll3=8
diff_def_rz_td_rate_std=8
diff_def_third_down_rate_roll3=8
diff_div_def_epa_roll6=8
diff_rb_weighted_epa_roll3=8
diff_def_rz_epa_roll6=7
diff_division_rank=7
diff_leading_off_epa_roll3=7
diff_off_penalty_yards_roll3=7
diff_off_rz_pass_rate_std=7
diff_off_rz_success_rate_roll6=7
diff_off_sos_score_roll6=7
diff_own_fumble_recovery_rate_std_std=7
diff_skill_injury_impact_std=7
diff_trailing_off_epa_roll6=7
opening_total_away=7
win_pct_home=7
diff_away_off_epa_roll3=6
diff_def_avg_drive_yards_std=6
diff_div_off_epa_std=6
diff_fourth_down_success_rate_std=6
diff_ko_touchback_rate_std=6
diff_off_drives_per_game_std=6
diff_opp_fumble_recovery_rate_std=6
diff_div_def_epa_std=5
diff_off_epa_per_play_std=5
diff_off_third_down_rate_roll6=5
diff_travel_miles=5
win_pct_away=5
diff_def_sack_rate_roll6=4
diff_fourth_down_success_rate_roll6=4
diff_leading_def_epa_std=4
diff_off_epa_per_play_roll3=4
diff_off_rush_epa_roll6=4
diff_def_sack_rate_roll3=3
diff_def_three_and_out_rate_roll3=3
temperature_away=3
diff_adj_def_epa_roll3=2
diff_def_avg_drive_plays_roll3=2
diff_def_avg_drive_plays_std=2
diff_home_off_epa_roll6=2
diff_off_rush_epa_roll3=2
diff_off_rz_trips_roll6=2
diff_proe_roll3=2
diff_adj_def_epa_std=1
diff_off_rz_epa_roll3=1

parameters:
[boosting: gbdt]
[objective: regression]
[metric: l2]
[tree_learner: serial]
[device_type: cpu]
[data_sample_strategy: bagging]
[data: ]
[valid: ]
[num_iterations: 500]
[learning_rate: 0.05]
[num_leaves: 31]
[num_threads: 16]
[seed: 42]
[deterministic: 0]
[force_col_wise: 1]
[force_row_wise: 0]
[histogram_pool_size: -1]
[max_depth: 4]
[min_data_in_leaf: 20]
[min_sum_hessian_in_leaf: 0.001]
[bagging_fraction: 0.8]
[pos_bagging_fraction: 1]
[neg_bagging_fraction: 1]
[bagging_freq: 0]
[bagging_seed: 400]
[bagging_by_query: 0]
[feature_fraction: 0.7]
[feature_fraction_bynode: 1]
[feature_fraction_seed: 30056]
[extra_trees: 0]
[extra_seed: 12879]
[early_stopping_round: 0]
[early_stopping_min_delta: 0]
[first_metric_only: 0]
[max_delta_step: 0]
[lambda_l1: 1]
[lambda_l2: 5]
[linear_lambda: 0]
[min_gain_to_split: 0]
[drop_rate: 0.1]
[max_drop: 50]
[skip_drop: 0.5]
[xgboost_dart_mode: 0]
[uniform_drop: 0]
[drop_seed: 17869]
[top_rate: 0.2]
[other_rate: 0.1]
[min_data_per_group: 100]
[max_cat_threshold: 32]
[cat_l2: 10]
[cat_smooth: 10]
[max_cat_to_onehot: 4]
[top_k: 20]
[monotone_constraints: ]
[monotone_constraints_method: basic]
[monotone_penalty: 0]
[feature_contri: ]
[forcedsplits_filename: ]
[refit_decay_rate: 0.9]
[cegb_tradeoff: 1]
[cegb_penalty_split: 0]
[cegb_penalty_feature_lazy: ]
[cegb_penalty_feature_coupled: ]
[path_smooth: 0]
[interaction_constraints: ]
[verbosity: -1]
[saved_feature_importance_type: 0]
[use_quantized_grad: 0]
[num_grad_quant_bins: 4]
[quant_train_renew_leaf: 0]
[stochastic_rounding: 1]
[linear_tree: 0]
[max_bin: 255]
[max_bin_by_feature: ]
[min_data_in_bin: 3]
[bin_construct_sample_cnt: 200000]
[data_random_seed: 175]
[is_enable_sparse: 1]
[enable_bundle: 1]
[use_missing: 1]
[zero_as_missing: 0]
[feature_pre_filter: 1]
[pre_partition: 0]
[two_round: 0]
[header: 0]
[label_column: ]
[weight_column: ]
[group_column: ]
[ignore_column: ]
[categorical_feature: ]
[forcedbins_filename: ]
[precise_float_parser: 0]
[parser_config_file: ]
[objective_seed: 16083]
[num_class: 1]
[is_unbalance: 0]
[scale_pos_weight: 1]
[sigmoid: 1]
[boost_from_average: 1]
[reg_sqrt: 0]
[alpha: 0.9]
[fair_c: 1]
[poisson_max_delta_step: 0.7]
[tweedie_variance_power: 1.5]
[lambdarank_truncation_level: 30]
[lambdarank_norm: 1]
[label_gain: ]
[lambdarank_position_bias_regularization: 0]
[eval_at: ]
[multi_error_top_k: 1]
[auc_mu_weights: ]
[num_machines: 1]
[local_listen_port: 12400]
[time_out: 120]
[machine_list_filename: ]
[machines: ]
[gpu_platform_id: -1]
[gpu_device_id: -1]
[gpu_use_dp: 0]
[num_gpu: 1]

end of parameters

pandas_categorical:[]
