tree
version=v4
num_class=1
num_tree_per_iteration=1
label_index=0
max_feature_idx=119
objective=regression
feature_names=diff_opening_spread diff_off_success_rate_std diff_off_sack_rate_roll6 diff_off_penalties_std diff_def_penalty_yards_std diff_off_cpoe_roll6 diff_off_three_and_out_rate_std diff_fourth_down_success_rate_roll6 diff_skill_injury_impact_roll6 wins_home diff_ko_touchback_rate_std diff_adj_def_epa_std diff_ep_team_fp_over_expected_roll3 win_streak_away diff_ep_team_opportunity_hhi_std diff_off_third_down_rate_roll3 diff_def_penalty_yards_drawn_roll6 diff_ep_team_exp_fp_total_std diff_nondiv_def_epa_roll3 diff_leading_off_epa_std diff_div_def_epa_roll6 travel_miles_away diff_fourth_down_success_rate_std coaching_tenure_home diff_ep_team_td_over_expected_std diff_rb_weighted_epa_std diff_away_def_epa_roll6 diff_wins diff_off_success_rate_roll3 diff_off_epa_per_play_roll6 diff_rb_weighted_epa_roll3 diff_off_rush_epa_roll3 diff_off_drives_per_game_std diff_def_penalties_std diff_leading_off_epa_roll6 diff_def_rz_pass_rate_std diff_punt_return_avg_roll3 diff_leading_off_epa_roll3 diff_def_rz_epa_roll6 diff_ep_team_rush_share_hhi_roll6 diff_def_rz_epa_roll3 diff_off_rz_success_rate_roll6 diff_leading_def_epa_std diff_own_fumble_recovery_rate_std_roll3 diff_off_penalties_drawn_std losses_away diff_opp_fumble_recovery_rate_std_roll3 diff_off_explosive_pass_rate_roll3 diff_off_top_seconds_std diff_pace_roll3 diff_def_avg_drive_plays_roll3 diff_off_top_seconds_roll3 diff_def_explosive_rush_rate_std diff_adj_def_epa_roll3 diff_ep_team_opportunity_hhi_roll3 win_pct_home diff_win_streak diff_travel_miles diff_off_explosive_pass_rate_roll6 diff_fg_pct_roll6 diff_def_third_down_rate_roll3 diff_def_sack_rate_roll3 diff_def_injury_impact_roll3 diff_off_third_down_rate_std diff_nondiv_off_epa_std diff_home_def_epa_std diff_wr_te_weighted_epa_std diff_def_injury_impact_std diff_away_off_epa_roll3 diff_def_sack_rate_std diff_trailing_def_epa_std diff_win_pct diff_off_explosive_rush_rate_roll6 temperature_home diff_fg_pct_50plus_roll6 diff_div_off_epa_std ats_margin_avg3_away diff_off_rz_success_rate_roll3 diff_def_rz_td_rate_roll6 diff_off_sack_rate_roll3 diff_ep_team_exp_pass_fp_roll6 diff_skill_injury_impact_roll3 diff_adj_off_epa_std diff_qb_passing_epa_roll3 opening_total_home diff_def_rz_td_rate_roll3 diff_ko_return_avg_std diff_wr_te_weighted_epa_roll3 ref_penalties_per_game_away diff_home_off_epa_roll3 ats_cover_sum3_home diff_away_def_epa_roll3 diff_def_three_and_out_rate_std diff_fourth_down_go_rate_roll6 diff_def_explosive_pass_rate_roll3 diff_off_rz_pass_rate_roll3 diff_ep_team_fp_over_expected_roll6 diff_proe_roll6 diff_def_third_down_rate_roll6 diff_off_explosive_rush_rate_roll3 diff_ep_team_td_over_expected_roll3 diff_def_top_seconds_roll6 diff_off_penalty_yards_drawn_std diff_off_avg_drive_yards_std diff_trailing_off_epa_std diff_fg_pct_long_std diff_off_rz_trips_roll6 win_streak_home diff_nondiv_def_epa_std diff_ko_return_avg_roll6 wind_speed_away diff_opp_fumble_recovery_rate_std diff_off_drives_per_game_roll3 diff_fourth_down_go_rate_roll3 diff_fg_pct_short_roll3 diff_off_rz_epa_roll6 diff_pace_roll6 diff_nondiv_def_epa_roll6 diff_off_sos_score_std diff_def_penalty_yards_drawn_roll3
feature_infos=[-33:43] [-0.38152013719081879:0.27322402596473694] [-0.16287340596318245:0.14610389992594719] [-7:6] [-94:80] [-30.688534736633301:38.514461517333984] [-0.4116161616161616:0.57575757575757569] [-1:1] [-2.4974933153018357:2.3574074074074076] [0:14] [-1:1] [-0.71541596949100494:0.88652980327606201] [-48.970221842615011:83.150792736035314] [-15:11] [-0.17619319829655258:0.19135802469135804] [-0.44230771064758301:0.62727269530296326] [-69:77] [-64.766182243138971:49.873635669234446] [-0.73443540185689926:0.88652980327606201] [-4.8015694357454777:5.439639899879694] [-0.86481103301048279:0.78134894371032715] [0:5266.8000000000002] [-1:1] [1:17] [-8.0338560680975206:7.4815436458447948] [-7.6779916545954237:10.559087289124728] [-0.76172319302956271:0.81195994466543198] [-11:12] [-0.38152013719081879:0.27322402596473694] [-0.89615999162197113:0.84700344502925873] [-8.528332817309348:10.559087289124728] [-0.67900723963975906:1.0113861858844757] [-8:7] [-5:7] [-8.3892935514450073:5.439639899879694] [-0.8333333283662796:0.90909093618392944] [-26.999999523162842:45.416667938232422] [-8.9221019198497142:8.8304748088121414] [-2.2391043901443481:2.4243320624033609] [-0.53678484626364731:0.55525462238716661] [-2.8487167047957578:2.7074642988542714] [-0.73333331942558289:0.84615384042263031] [-5.3859257698059082:5.3745922148227692] [-1:1] [-7:8] [0:15] [-1:1] [-0.18837018837018837:0.2857142857142857] [-984:879] [-34:32] [-3.833333333333333:3.2272727272727275] [-1114.3333333333333:879] [-0.2424242424242424:0.20042417815482502] [-0.71541596949100494:0.88652980327606201] [-0.26328430534456615:0.19135802469135804] [0:1] [-17:16] [-2719.8000000000002:1992.7000000000003] [-0.18837018837018837:0.2857142857142857] [-1:1] [-0.57142859697341919:0.56666663289070129] [-0.16011972352862358:0.1666666716337204] [-4.1500000000000004:3.7666666666666666] [-0.44230771064758301:0.62727269530296326] [-0.66089094678560889:0.75189545750617981] [-0.80247220396995544:0.88652980327606201] [-12.31318187713623:12.183483719825745] [-4.1500000000000004:3] [-0.95676788687705994:0.98236359283328056] [-0.14705882966518402:0.1666666716337204] [-1.6924982778728008:1.6416833959519863] [-1:1] [-0.23076923076923078:0.2533333333333333] [1:97] [-1:1] [-0.75205850601196289:1.0891301482915878] [-38:39] [-0.73333331942558289:0.84615384042263031] [-1:1] [-0.1803727789471547:0.16151407609383264] [-19.40416449147984:16.790818302262217] [-2.9489422087868058:2.8925925925374032] [-0.89615999162197113:0.75189545750617981] [-39.962821960449219:40.751319885253906] [10.5:63.5] [-1:1] [-48.5:47.125] [-12.31318187713623:12.183483719825745] [4:26] [-0.98565264667073882:1.1111797392368317] [0:3] [-0.74047915264964104:0.81195994466543198] [-0.46153846153846156:0.40909090909090906] [-0.44444444444444442:0.80000000000000004] [-0.20532719313207118:0.21875] [-0.82575758049885428:0.8333333283662796] [-46.876729440978828:83.150792736035314] [-0.32302161097758625:0.34008444829653667] [-0.57142859697341919:0.56666663289070129] [-0.23076923076923078:0.2533333333333333] [-8.0338560680975206:7.4815436458447948] [-1170:1190] [-77:94] [-39.345456123352051:36.8675217628479] [-1.9594758795574307:2.1133341491222382] [-1:1] [-6:5] [-14:11] [-0.65543012320995331:0.88652980327606201] [-48.5:47.125] [0:71] [-1:1] [-8:7] [-0.51666666666666672:0.80000000000000004] [-1:1] [-3.2184919714927673:2.1583511233329773] [-34:32] [-0.65543012320995331:0.88652980327606201] [-0.73939523100852966:0.81203330308198929] [-69:77]
tree_sizes=1219 1432 1246 1424 1435 1430 1510 1349 1429 1431 1514 1260 1432 1420 1508 1257 1265 1354 1090 1267 1258 1346 1356 1260 1425 1432

Tree=0
num_leaves=13
num_cat=0
split_feature=84 84 117 82 78 84 52 42 44 0 32 68
split_gain=21960.3 5200.32 2809.53 3028.32 1959.49 1934.34 2148.65 1988.07 1752.85 1588.2 1763.99 1459.09
threshold=47.750000000000007 42.250000000000007 0.11688532799113698 -0.047611347809877413 0.13075396825396829 51.250000000000007 -0.046743404709229504 0.073144935345044362 1.3363095238095242 22.500000000000004 0.093073593073593322 0.38911545649170881
decision_type=10 8 10 10 10 10 8 10 10 10 10 10
left_child=1 8 3 -3 -4 9 -7 -8 11 10 -2 -1
right_child=5 2 4 -5 -6 6 7 -9 -10 -11 -12 -13
leaf_value=45.198051610835428 45.604390099287087 45.385241228463933 45.179118481239378 45.575605780763198 45.462240572033934 45.442098584844487 46.044442795540171 45.673853491501063 45.642927886384101 45.308999313252535 45.834412816398313 45.595670459253988
leaf_weight=378 197 357 134 489 112 24 125 60 23 23 151 22
leaf_count=378 197 357 134 489 112 24 125 60 23 23 151 22
internal_value=45.4936 45.3934 45.4515 45.4951 45.3046 45.7539 45.876 45.9324 45.2456 45.6808 45.7078 45.221
internal_weight=2095 1515 1092 846 246 580 209 185 423 371 348 400
internal_count=2095 1515 1092 846 246 580 209 185 423 371 348 400
is_linear=0
shrinkage=1


Tree=1
num_leaves=15
num_cat=0
split_feature=55 74 97 56 108 59 105 48 29 111 8 0 104 46
split_gain=4586.79 3920.82 2350.36 2257.95 2087.85 3731.24 2233.37 1996.66 1958.9 1891.42 1774.15 1587.31 1453.47 967.919
threshold=0.69615384615384623 0.52777777777777779 -0.10232155292640878 6.5000000000000009 -0.069454944692552076 -0.34222222222222215 0.30178571428571438 115.9761904761905 -0.11317257369713235 -0.061744505494505462 1.0000000180025095e-35 4.5000000000000009 0.26214137729257353 -0.21198743386243388
decision_type=2 8 8 10 10 8 10 10 8 10 10 8 10 10
left_child=2 3 9 11 5 -4 -6 8 -3 13 -11 -2 -9 -1
right_child=1 7 4 -5 6 -7 -8 12 -10 10 -12 -13 -14 -15
leaf_value=0.11396866694447541 -0.024958674952387811 -0.30007680761814121 0.57131899317790724 -0.069504553907447392 -0.13297515443269489 -0.0099508730522964318 0.08411330064492567 -0.31284248739007925 0.18264829717206618 0.2230953520629555 -0.28899931820730368 0.44189312873729342 0.11814843828479449 0.4876846369533312
leaf_weight=37 20 20 24 31 804 570 135 58 136 27 31 140 25 37
leaf_count=37 20 20 24 31 804 570 135 58 136 27 31 140 25 37
internal_value=4.05783e-05 0.144679 -0.0376048 0.310451 -0.0552045 0.0180242 -0.101431 0.00834781 0.113053 0.160982 -0.0510305 0.384246 -0.183121 0.320499
internal_weight=2095 430 1665 191 1533 594 939 239 156 132 58 160 83 74
internal_count=2095 430 1665 191 1533 594 939 239 156 132 58 160 83 74
is_linear=0
shrinkage=0.05


Tree=2
num_leaves=13
num_cat=0
split_feature=84 84 110 75 22 117 84 119 41 32 93 19
split_gain=19570.5 4609.57 2735.45 2612.68 2466.95 2165.6 2155.17 2546.69 1820.01 1662.37 1575.25 1597.24
threshold=47.750000000000007 42.250000000000007 8.5000000000000018 0.19910576262045654 -0.48124999900658921 0.11688532799113698 55.250000000000007 3.0833333333333326 0.0018181353807449621 -1.2 0.098538961038961051 0.012969725889464221
decision_type=10 8 10 10 8 10 10 8 10 8 8 8
left_child=1 4 6 5 -1 -3 7 -2 -5 -6 11 -4
right_child=2 3 10 8 9 -7 -8 -9 -10 -11 -12 -13
leaf_value=0.23191404845565558 0.13929033923772313 -0.027357454021452583 0.3631633221374258 -0.031000322234981198 0.0054403305866501557 -0.20571626458518411 0.71993358952383846 0.38794564918151353 0.33062889230251313 -0.30098253748576409 -0.21329870137364365 -0.044300223011874931
leaf_weight=23 209 742 41 63 50 217 26 218 70 350 38 48
leaf_count=23 209 742 41 63 50 217 26 218 70 350 38 48
internal_value=0.000167542 -0.0943894 0.245938 -0.0396225 -0.233542 -0.0686255 0.302921 0.269375 0.164052 -0.262962 0.0385285 0.152209
internal_weight=2095 1515 580 1092 423 959 453 427 133 400 127 89
internal_count=2095 1515 580 1092 423 959 453 427 133 400 127 89
is_linear=0
shrinkage=0.05


Tree=3
num_leaves=15
num_cat=0
split_feature=84 84 110 84 119 110 80 106 81 94 44 110 90 105
split_gain=17729 3727.94 2333.99 3021.15 2962.47 2241.08 2284.71 1743.04 1646.69 1632.66 1554.79 1659.65 1221.42 1178.48
threshold=47.250000000000007 42.250000000000007 8.5000000000000018 49.750000000000007 -13.166666666666663 6.5000000000000009 0.72826042825700654 1.3500000000000005 -0.30579117067779099 -0.052994210106922214 1.3214285714285718 5.5000000000000009 1.5000000000000002 0.16666666666666669
decision_type=10 8 8 10 8 8 8 8 10 8 10 8 8 8
left_child=1 10 3 9 -5 6 -3 -7 12 -2 11 -1 -4 -10
right_child=2 5 8 4 -6 7 -8 -9 13 -11 -12 -13 -14 -15
leaf_value=-0.12141147673727591 0.44378038644790652 -0.076240396047469933 -0.33207261496120033 -0.021068523097329026 0.46518755966858683 -0.072547816759255271 0.128727349312281 -0.3054795268349923 0.32371971472493899 0.077837067053164594 0.13132735471571647 -0.33348742539110859 0.056511985665808118 0.0020855721151619628
leaf_weight=168 32 271 31 36 208 381 263 99 59 197 26 229 43 52
leaf_count=168 32 271 31 36 208 381 263 99 59 197 26 229 43 52
internal_value=0.000320553 -0.0980484 0.214342 0.272833 0.394262 -0.0455022 0.0248731 -0.123347 0.061289 0.137577 -0.22189 -0.246493 -0.116355 0.18006
internal_weight=2095 1437 658 473 244 1014 534 480 185 229 423 397 74 111
internal_count=2095 1437 658 473 244 1014 534 480 185 229 423 397 74 111
is_linear=0
shrinkage=0.05


Tree=4
num_leaves=15
num_cat=0
split_feature=84 84 110 117 82 22 5 14 78 25 61 5 82 107
split_gain=16092 3754.75 2292.18 2260.54 2624 2225.72 2150.45 2038.26 1751.61 1674.67 1525.44 1399.68 1167.68 705.144
threshold=47.750000000000007 42.250000000000007 8.5000000000000018 0.11688532799113698 -0.047611347809877413 -0.48124999900658921 -3.007461309432983 0.014994891529001993 0.13075396825396829 0.58784439119934195 -0.025240254898866013 0.37157262613376002 0.0074825326983745302 2.5000000000000004
decision_type=10 8 10 10 10 8 10 10 10 8 8 10 8 8
left_child=1 5 6 4 -3 -1 10 -8 -5 11 -2 -4 -7 -11
right_child=2 3 9 8 -6 12 7 -9 -10 13 -12 -13 -14 -15
leaf_value=0.23011475844042645 0.12129695104791763 -0.099160285864683978 0.0010233339302393855 -0.28635109449575968 0.07803932755359784 -0.32379039862881537 0.068418447979096048 0.35243198706990198 -0.019215954615710639 -0.29221625297497483 0.48261600623058309 0.43305837742306974 -0.14640460793626281 0.054380887116377175
leaf_weight=23 42 357 44 134 489 202 168 100 112 34 143 28 198 21
leaf_count=23 42 357 44 134 489 202 168 100 112 34 143 28 198 21
internal_value=0.000348198 -0.0853929 0.223211 -0.0359578 0.00306158 -0.210985 0.275371 0.179091 -0.167733 0.033398 0.406201 0.186897 -0.238999 -0.165542
internal_weight=2095 1515 580 1092 846 423 453 268 246 127 185 72 400 55
internal_count=2095 1515 580 1092 846 423 453 268 246 127 185 72 400 55
is_linear=0
shrinkage=0.05


Tree=5
num_leaves=15
num_cat=0
split_feature=110 75 82 99 117 53 55 36 48 82 107 14 99 66
split_gain=6100.78 2776.05 2487.28 2404.82 2356.98 2258.77 2145.65 1989.4 1931.74 1759.53 1293.27 1238.56 1004.87 898.728
threshold=6.5000000000000009 0.18283510301262143 0.055484744092349769 -0.070180023297563773 0.11963682272471489 -0.13358973991125819 0.69615384615384623 -0.27579367160797114 -69.771428571428586 0.069009596461450676 1.5000000000000002 0.018868123519000097 -0.10049489811873712 1.7435711685281536
decision_type=8 10 8 8 10 10 2 10 8 10 10 10 10 10
left_child=1 2 6 10 7 13 -1 -5 -4 -7 12 -6 -2 -3
right_child=3 5 8 4 11 9 -8 -9 -10 -11 -12 -13 -14 -15
leaf_value=-0.04290056535485634 0.02447368134470547 0.23556127333641053 0.43940305669199342 -0.15375907184708459 -0.36051777107963484 0.26467904271764886 0.19229128460945755 0.014138640692429755 0.10420413503581578 -0.13786574289202691 -0.16114470385588134 -0.055399659641508794 0.41358418918791273 0.77866945862770087
leaf_weight=586 29 20 50 371 125 85 111 330 226 35 21 48 37 21
leaf_count=586 29 20 50 371 125 85 111 330 226 35 21 48 37 21
internal_value=0.000411057 0.0788242 0.0462575 -0.0919954 -0.117099 0.268018 -0.00427129 -0.075109 0.171845 0.146052 0.152314 -0.280076 0.257079 0.569227
internal_weight=2095 1134 973 961 874 161 697 701 276 120 87 173 66 41
internal_count=2095 1134 973 961 874 161 697 701 276 120 87 173 66 41
is_linear=0
shrinkage=0.05


Tree=6
num_leaves=16
num_cat=0
split_feature=55 73 74 97 32 111 12 22 38 104 87 24 38 59 52
split_gain=3454.96 3663.34 3375.36 2420.59 2386.3 2128.05 2102.88 1902.13 1846.57 2225.13 1989.94 1710.32 1601.52 1447.71 438.824
threshold=0.69615384615384623 69.500000000000014 0.52777777777777779 -0.083948668432862764 -0.78831168831168774 -0.068981481481481435 9.3228707399539363 -0.41666666542490322 -0.12847954531510666 0.056657913647266848 -3.6716070572535195 0.85349269960936391 -0.10384733819713193 -1.0000000180025095e-35 -0.014122250686245693
decision_type=2 10 8 8 10 8 10 8 10 10 8 10 8 10 10
left_child=1 3 11 5 12 -1 -6 -5 10 -10 -3 13 -4 -2 -13
right_child=2 8 4 7 6 -7 -8 -9 9 -11 -12 14 -14 -15 -16
leaf_value=0.31462086485546142 0.56390948171416921 0.45796233619131699 -0.040462248513232109 0.10625529989724358 -0.24787437991537856 -0.083225961921638572 0.14785335931181906 -0.1610424403589813 -0.10749235965545188 0.13206862719427492 0.085351691707163252 0.17881594757948605 0.36383916167052172 0.21608440491624853 -0.086983398028782438
leaf_weight=56 55 36 41 70 101 71 45 685 276 143 328 23 52 83 30
leaf_count=56 55 36 41 70 101 71 45 685 276 143 328 23 52 83 30
internal_value=0.000578054 -0.0320923 0.12611 -0.101729 0 0.0970962 -0.124715 -0.135658 0.0464332 -0.0250217 0.128045 0.27991 0.192118 0.36993 0.0329729
internal_weight=2095 1665 430 882 239 127 146 755 783 419 364 191 93 138 53
internal_count=2095 1665 430 882 239 127 146 755 783 419 364 191 93 138 53
is_linear=0
shrinkage=0.05


Tree=7
num_leaves=14
num_cat=0
split_feature=110 30 99 117 32 21 37 111 30 107 55 74 71
split_gain=5339.46 2578.45 2171.6 2117.19 2125.3 2079 1802.08 1776.7 1707.07 1628.33 1610.07 1369.25 799.901
threshold=6.5000000000000009 -1.1716358386188657 -0.070180023297563773 0.11963682272471489 0.74166666666666725 968.55000000000007 0.35449719801545149 -0.15397727272727271 -1.3243017101541013 -3.4999999999999996 0.70714285714285718 0.27083333333333343 -1.0000000180025095e-35
decision_type=8 8 8 10 10 10 10 10 10 10 2 8 2
left_child=1 8 7 9 -5 6 -3 -2 11 -4 -7 -1 -9
right_child=2 5 3 4 -6 10 -8 12 -10 -11 -12 -13 -14
leaf_value=0.11210377582005765 -0.11314490070430244 0.013850557746942086 -0.23285407240369491 -0.33929608512297271 0.11678490329420928 0.15705989690543892 0.28358684102627069 0.49654064160441203 -0.38884489113284698 -0.033940368255074974 0.42983687329841286 -0.086136204736562916 0.090607617149750408
leaf_weight=147 36 386 121 145 28 236 69 26 26 580 71 199 25
leaf_count=147 36 386 121 145 28 236 69 26 26 580 71 199 25
internal_value=0.000771732 0.0741298 -0.0856762 -0.10954 -0.263992 0.126558 0.0575022 0.146435 -0.0333852 -0.0697517 0.226183 -0.00137325 0.324303
internal_weight=2095 1134 961 874 173 762 455 87 372 701 307 346 51
internal_count=2095 1134 961 874 173 762 455 87 372 701 307 346 51
is_linear=0
shrinkage=0.05


Tree=8
num_leaves=15
num_cat=0
split_feature=84 84 84 110 97 75 4 97 53 29 43 82 27 51
split_gain=13860 2856.81 1942.22 1918.22 2186.11 1746.09 1744.29 1697.5 1593.51 2046.2 1727.56 1472.58 1402.28 1391.57
threshold=47.250000000000007 42.250000000000007 51.250000000000007 10.500000000000002 -0.032109219489610284 0.19910576262045654 9.8452380952380949 -0.063295528877091542 -0.078447579095760958 0.1157034548620383 -0.26543320105820095 0.012161947910984358 1.0000000180025095e-35 -38.83333333333325
decision_type=10 8 10 10 10 10 10 8 8 10 8 8 2 10
left_child=1 6 8 4 -4 7 11 -3 10 -10 -2 -1 -8 -7
right_child=2 5 3 -5 -6 13 12 -9 9 -11 -12 -13 -14 -15
leaf_value=-0.33966488756806307 -0.12174514250622855 0.082122781838467523 0.57532603640109303 -0.059340562784310547 0.21071385104578361 -0.11011468189812841 0.17933731062232325 -0.096418172951749967 0.13176656986276311 -0.16934102229975367 0.33380451985103721 -0.12938411728726271 -0.25319159647514083 0.24274403205497214
leaf_weight=179 22 158 75 28 106 37 48 735 235 69 123 172 24 84
leaf_count=179 22 158 75 28 106 37 48 735 235 69 123 172 24 84
internal_value=0.000794592 -0.0861796 0.19003 0.31522 0.373469 -0.0401708 -0.194596 -0.0644916 0.128816 0.061627 0.262599 -0.240026 0.0274327 0.13436
internal_weight=2095 1437 658 209 181 1014 423 893 449 304 145 351 72 121
internal_count=2095 1437 658 209 181 1014 423 893 449 304 145 351 72 121
is_linear=0
shrinkage=0.05


Tree=9
num_leaves=15
num_cat=0
split_feature=84 84 84 52 97 5 32 32 36 36 112 117 22 43
split_gain=12548.3 2632.14 1767.9 1756.19 2157.43 1688.23 1875.1 1501.78 2332.64 1972.92 1425.16 1547.74 1400.71 1354.48
threshold=47.250000000000007 43.750000000000007 51.250000000000007 -0.046743404709229504 -0.042849070180195535 -2.538860609134038 0.37980769230769257 0.30839160839160856 0.36666667461395291 1.8505951166152954 1.3333333333333333 0.11421461052571734 0.13645104815909917 0.18293650793650798
decision_type=10 8 10 8 8 8 10 10 10 8 8 10 8 8
left_child=1 5 7 -4 -5 13 -7 9 -9 -2 11 -3 -12 -1
right_child=2 10 3 4 -6 6 -8 8 -10 -11 12 -13 -14 -15
leaf_value=-0.16816318755078574 -0.069516908048224524 0.071342963552779373 -0.08533463562870848 0.6338691440912394 0.23621966136502218 -0.16050187238717672 0.074178073313246426 0.41934894297949293 0.048128938823938372 0.19218536665042241 -0.26658899436891076 -0.11303688709695753 -0.020344890286696369 -0.4435841956987786
leaf_weight=133 154 416 24 47 138 317 112 83 85 127 95 151 140 73
leaf_count=133 154 416 24 47 138 317 112 83 85 127 95 151 140 73
internal_value=0.000809221 -0.081946 0.180868 0.300308 0.35153 -0.157592 -0.0989695 0.122466 0.238638 0.0498786 -0.0213845 0.0215938 -0.123579 -0.274199
internal_weight=2095 1437 658 209 185 635 429 449 168 281 802 567 235 206
internal_count=2095 1437 658 209 185 635 429 449 168 281 802 567 235 206
is_linear=0
shrinkage=0.05


Tree=10
num_leaves=16
num_cat=0
split_feature=84 84 111 111 75 110 5 74 30 5 32 96 61 41 52
split_gain=11433.6 2725.69 1757.67 2305.46 2088.7 1717.2 1897.89 1675.46 1588.12 1537.01 2078.96 1506.88 1425.48 1171.22 779.542
threshold=47.750000000000007 43.750000000000007 -0.1157196969696969 -0.23577380952380947 0.19910576262045654 8.5000000000000018 -3.007461309432983 -0.24166666666666667 -0.35390634701943102 -2.8000826785961781 0.37980769230769257 3.7209555287678895 -0.023765270287791886 -0.19759863391518592 -0.011472229228431883
decision_type=10 8 8 10 10 10 10 8 8 8 10 10 10 8 10
left_child=1 9 3 -3 -4 6 12 -8 14 13 -11 -10 -2 -1 -7
right_child=5 2 4 -5 -6 8 7 -9 11 10 -12 -13 -14 -15 -16
leaf_value=0.039092079694232638 0.1912316928415195 -0.036422215941853409 -0.087658808371036345 0.28582710555195806 0.17909446308123214 0.44219731867313383 0.37607885178972467 0.075398714510801212 -0.23495546171907336 -0.15984311412342572 0.084773541914940895 0.22571090074768294 0.48579860339122061 -0.31196919322865352 0.046240390521107302
leaf_weight=26 87 122 584 95 79 20 56 212 59 325 114 20 98 170 28
leaf_count=26 87 122 584 95 79 20 56 212 59 325 114 20 98 170 28
internal_value=0.000807832 -0.0714625 -0.0142147 0.10769 -0.0546963 0.188666 0.233805 0.144148 0.0245189 -0.149989 -0.0959689 -0.111243 0.356214 -0.265337 0.238318
internal_weight=2095 1515 880 217 663 580 453 268 127 635 439 79 185 196 48
internal_count=2095 1515 880 217 663 580 453 268 127 635 439 79 185 196 48
is_linear=0
shrinkage=0.05


Tree=11
num_leaves=13
num_cat=0
split_feature=84 84 112 55 74 110 84 119 52 44 26 65
split_gain=10378 2540.48 1960.58 1702.88 2952.79 1599.67 1903.6 1703.47 1394.24 1332.96 1326.09 956.613
threshold=47.750000000000007 39.250000000000007 -1.6666666666666667 0.69615384615384623 0.52777777777777779 11.500000000000002 54.750000000000007 3.0833333333333326 -0.028483428951724513 -0.77350427350427331 0.066942028002813472 0.024744060423940291
decision_type=10 8 10 2 8 10 10 8 10 8 10 10
left_child=1 2 -1 9 -5 6 7 -2 -7 -3 -4 -10
right_child=5 3 10 4 -6 8 -8 -9 11 -11 -12 -13
leaf_value=0.12517409021300929 0.077516340022479313 0.038314093782068931 -0.4543752697050229 0.26723737347563475 -0.075122722371791795 -0.31608212451482642 0.54349328334011682 0.2691896119637216 0.2963264648952792 -0.099294967798946004 -0.05197931983891655 -0.12395447885990143
leaf_weight=23 226 214 82 104 145 24 36 248 26 918 29 20
leaf_count=23 226 214 82 104 145 24 36 248 26 918 29 20
internal_value=0.00096394 -0.0678889 -0.271893 -0.0471486 0.0701199 0.179941 0.210475 0.179669 -0.041055 -0.0731825 -0.356448 0.118378
internal_weight=2095 1515 134 1381 249 580 510 474 70 1132 111 46
internal_count=2095 1515 134 1381 249 580 510 474 70 1132 111 46
is_linear=0
shrinkage=0.05


Tree=12
num_leaves=15
num_cat=0
split_feature=84 110 84 75 21 17 51 52 75 97 99 7 20 21
split_gain=9439.14 2299.97 2349.38 2213.94 2018.12 1820.49 1620.34 1587.75 2781.55 2197.3 1699.52 1464.97 1404.33 1094.33
threshold=47.250000000000007 6.5000000000000009 39.750000000000007 0.18620551172643904 1849.7500000000002 -6.1752892787887026 -135.49999999999997 -0.034418420832646471 -0.10771168302744626 -0.029813227123475363 -0.0083825279442390332 0.33333333233992263 -0.17319319940482572 414.95000000000005
decision_type=10 8 8 10 10 8 10 8 8 8 10 10 10 8
left_child=1 3 12 4 -1 -4 -5 8 -2 11 -11 -9 -3 -10
right_child=7 2 5 6 -6 -7 -8 9 13 10 -12 -13 -14 -15
leaf_value=-0.078540465029909745 -0.38973422037703653 -0.080920445024967202 0.027841497539299466 -0.15867751693725587 0.1733201135871231 -0.15574821179110296 0.31321695927064869 0.39063416616637497 0.40991951920665226 0.203983042764113 -0.014279744934115636 -0.022241323158658788 -0.48437880132879529 0.019781099818646911
leaf_weight=548 30 35 198 20 88 408 75 153 21 225 144 24 65 61
leaf_count=548 30 35 198 20 88 408 75 153 21 225 144 24 65 61
internal_value=0.000974843 -0.070797 -0.134832 -0.00838816 -0.0425337 -0.0959447 0.210404 0.157144 -0.0134807 0.192039 0.119621 0.335303 -0.354222 0.138086
internal_weight=2095 1437 706 731 636 606 95 658 112 546 369 177 100 82
internal_count=2095 1437 706 731 636 606 95 658 112 546 369 177 100 82
is_linear=0
shrinkage=0.05


Tree=13
num_leaves=15
num_cat=0
split_feature=84 84 19 93 56 5 57 75 111 99 11 53 35 80
split_gain=8570.45 2341.01 1577.97 1504.44 1628.28 2424.46 1384.72 1278.75 1511.17 1133.31 1101.82 1068.48 1027.62 923.62
threshold=47.750000000000007 45.250000000000007 0.56588086671035864 0.12006974506974509 -3.4999999999999996 -3.0747015625238414 -113.99999999999999 0.19910576262045654 -0.10000000000000002 0.0099778285440049966 0.0092733025168334812 0.096410144120454802 0.043193230405449874 2.0224700808544473
decision_type=10 8 10 10 8 8 8 10 10 10 8 10 10 10
left_child=1 2 6 4 10 -6 -1 8 -3 -9 -2 13 -4 -5
right_child=3 7 12 11 5 -7 -8 9 -10 -11 -12 -13 -14 -15
leaf_value=-0.14453626237031184 0.2095677315161146 0.066691943067142545 -0.053172916898856296 0.028464524718848146 0.43718483973708422 0.15921505993907478 0.10296211324391827 0.4399665964226569 -0.10356657014308888 0.045250285948398264 -0.18250517426653112 0.21054473850942618 0.34607212419311206 -0.3715072556797947
leaf_weight=813 24 276 32 28 103 337 57 26 238 48 42 23 25 23
leaf_count=813 24 276 32 28 103 337 57 26 238 48 42 23 25 23
internal_value=0.000942074 -0.0616258 -0.110925 0.163589 0.194163 0.228579 -0.127768 0.0162917 -0.0122856 0.203636 -0.034511 -0.0438939 0.134916 -0.168087
internal_weight=2095 1515 927 580 506 440 870 588 514 74 66 74 57 51
internal_count=2095 1515 927 580 506 440 870 588 514 74 66 74 57 51
is_linear=0
shrinkage=0.05


Tree=14
num_leaves=16
num_cat=0
split_feature=84 84 19 62 57 34 16 15 57 57 105 73 113 91 35
split_gain=7741.95 2117.22 1437.68 1324.4 1559.19 1410.78 1297.18 1625.68 1836.96 1254.94 1174.54 1419.23 1402.29 976.847 943.538
threshold=47.750000000000007 45.250000000000007 0.56588086671035864 -1.2291666666666663 -685.39999999999986 0.430857442971319 -0.33333333333333032 -0.11795843144257863 -1179.2999999999997 -113.99999999999999 -0.083333333333333301 52.500000000000007 -0.030499592999592973 -0.10867693321779369 0.043193230405449874
decision_type=10 8 10 8 8 8 10 10 10 8 8 8 10 10 10
left_child=1 2 9 5 -5 -3 10 13 -9 -1 12 -12 -2 -8 -4
right_child=6 3 14 4 -6 -7 7 8 -10 -11 11 -13 -14 -15 -16
leaf_value=-0.13735362297802944 -0.34956390410661697 -0.31802937318743379 -0.050873546423138793 0.12244310201572293 -0.049920049251474967 0.14511825919151308 0.17549807860933503 0.49720967967216279 0.18582197477841109 0.098229173985460119 -0.17062843497310365 0.17684749538222186 0.10556265166079677 -0.23503185890871903 0.33165245909243823
leaf_weight=813 27 49 32 281 238 20 24 68 172 57 30 203 32 24 25
leaf_count=813 27 49 32 281 238 20 24 68 172 57 30 203 32 24 25
internal_value=0.00104147 -0.0584245 -0.105309 0.0156704 0.0435843 -0.182373 0.155628 0.230411 0.282599 -0.121389 0.0790642 0.129253 -0.112972 -0.0316317 0.129311
internal_weight=2095 1515 927 588 519 69 580 288 240 870 292 233 59 48 57
internal_count=2095 1515 927 588 519 69 580 288 240 870 292 233 59 48 57
is_linear=0
shrinkage=0.05


Tree=15
num_leaves=13
num_cat=0
split_feature=84 110 61 84 75 57 51 119 84 91 70 76
split_gain=7010.46 2037.42 2234.15 2252.25 1890.07 1661.32 1481.22 1438.27 1665.4 1769.21 1576.94 1114.73
threshold=47.250000000000007 6.5000000000000009 -0.072087989188730703 39.750000000000007 0.18620551172643904 -1879.3999999999999 -135.49999999999997 3.4166666666666683 55.750000000000007 -0.079868819564580903 -0.2857796118801666 2.4166666666666674
decision_type=10 8 8 8 10 10 10 10 10 10 8 10
left_child=1 4 -3 -4 5 -1 -6 8 9 -2 -9 -12
right_child=7 2 3 -5 6 -7 -8 10 -10 -11 11 -13
leaf_value=0.14751911501066303 0.13338157614624058 0.32830096913708584 -0.35713893835349841 -0.099271113146567627 -0.1526557286977768 -0.069043317102585683 0.29835472229082372 0.51559234210844374 0.45714694291905122 -0.082558171544821035 0.26010194911074097 0.024462854456198349
leaf_weight=101 238 22 96 588 20 535 75 37 22 151 126 84
leaf_count=101 238 22 96 588 20 535 75 37 22 151 126 84
internal_value=0.00105333 -0.0607968 -0.121061 -0.137865 -0.00209834 -0.0336917 0.20002 0.135643 0.0766241 0.0494483 0.23018 0.16884
internal_weight=2095 1437 706 684 731 636 95 658 411 389 247 210
internal_count=2095 1437 706 684 731 636 95 658 411 389 247 210
is_linear=0
shrinkage=0.05


Tree=16
num_leaves=13
num_cat=0
split_feature=84 84 22 117 8 97 56 16 58 105 99 5
split_gain=6389.95 1822.44 1911.25 1661.19 2708.71 2093.01 1243.44 1323.25 1460.2 1375.04 1227.6 1144.09
threshold=47.750000000000007 42.250000000000007 -0.48124999900658921 0.11688532799113698 -0.49922972863978948 -0.059267784659150807 4.5000000000000009 -3.4999999999999987 -0.02563533036268003 -0.083333333333333301 -0.036452366574649182 5.1837763786315927
decision_type=10 8 8 10 10 8 10 10 10 8 8 8
left_child=1 2 -1 5 -5 -3 7 9 -9 -2 -4 -8
right_child=6 3 10 4 -6 -7 11 8 -10 -11 -12 -13
leaf_value=0.26415659407586128 -0.19093228371015616 0.18249971565662648 0.00036070972353547488 0.13486544886525251 -0.23034711671338695 -0.021558117078535079 0.10303463705948422 0.043201988425460608 0.29650476800294173 0.12512528169425016 -0.21189275148549469 -0.34199925315380098
leaf_weight=23 37 148 86 66 180 698 30 79 223 191 314 20
leaf_count=23 37 148 86 66 180 698 30 79 223 191 314 20
internal_value=0.00117021 -0.0528528 -0.140338 -0.0184336 -0.131429 0.0149437 0.141613 0.164089 0.232189 0.070624 -0.166694 -0.0889776
internal_weight=2095 1515 423 1092 246 846 580 530 302 228 400 50
internal_count=2095 1515 423 1092 246 846 580 530 302 228 400 50
is_linear=0
shrinkage=0.05


Tree=17
num_leaves=14
num_cat=0
split_feature=110 30 81 68 30 55 49 118 30 39 22 11 65
split_gain=3332.37 2106.42 1852 1581.67 3554.44 1713.07 1555.67 1637.44 1442.48 1355.56 1341.45 1580.92 1142.62
threshold=6.5000000000000009 -1.1716358386188657 -0.29999999999999993 0.23007708514342087 1.2979045557865734 0.68990384615384626 -1.9999999999999962 -0.037372323891354926 -1.3243017101541013 0.22199710424836386 0.50000000496705388 -0.10718871053541078 -0.11391415668185799
decision_type=8 8 8 10 10 2 8 10 10 10 8 10 8
left_child=1 8 10 5 -5 -3 7 -4 12 -8 11 -2 -1
right_child=2 3 6 4 -6 -7 9 -9 -10 -11 -12 -13 -14
leaf_value=0.13892437154524184 0.12512732148170472 0.028445736025330199 0.21013801800441151 0.53772167175535168 0.028592322303391083 0.22984558260620194 -0.10036465931606882 -0.052998874562147719 -0.36480700969696045 0.20826246944757609 0.13082404678518122 -0.26093892148533543 -0.062905815270944285
leaf_weight=91 27 497 116 58 77 130 431 112 26 34 28 213 255
leaf_count=91 27 497 116 58 77 130 431 112 26 34 28 213 255
internal_value=0.00113229 0.0590888 -0.0671577 0.106493 0.259079 0.0717704 -0.0234397 0.0822997 -0.0380047 -0.0757165 -0.177522 -0.215635 -0.00845804
internal_weight=2095 1134 961 762 135 627 693 228 372 465 268 240 346
internal_count=2095 1134 961 762 135 627 693 228 372 465 268 240 346
is_linear=0
shrinkage=0.05


Tree=18
num_leaves=11
num_cat=0
split_feature=84 84 12 56 110 81 95 37 12 52
split_gain=5784.53 2006.39 1844.94 1681.08 1688.57 1652.1 1497.97 1482.75 1256.27 1280.5
threshold=46.250000000000007 51.250000000000007 3.3182386308880649 -3.4999999999999996 10.500000000000002 -0.15537022463977321 -0.41616161167621607 -0.11481149308383463 -27.216355883951941 -0.064975272405612947
decision_type=8 10 10 8 10 10 8 8 8 8
left_child=6 2 7 -3 -5 -4 -1 -2 -8 -10
right_child=1 3 5 4 -6 -7 8 -9 9 -11
leaf_value=0.24582135226644045 0.12470087734135715 -0.15168213014091766 0.29902237477905025 0.33092913601079033 -0.098696272860377521 0.049470693404468413 0.20888919430119654 -0.060293435165515066 0.111192315469629 -0.11141650651541835
leaf_weight=30 149 23 111 162 24 162 30 360 65 979
leaf_count=30 149 23 111 162 24 162 30 360 65 979
internal_value=0.001174 0.0886555 0.0510737 0.22456 0.274099 0.15467 -0.0773539 -0.00535636 -0.0875248 -0.0970452
internal_weight=2095 991 782 209 186 273 1104 509 1074 1044
internal_count=2095 991 782 209 186 273 1104 509 1074 1044
is_linear=0
shrinkage=0.05


Tree=19
num_leaves=13
num_cat=0
split_feature=84 84 69 79 86 10 82 16 19 14 20 93
split_gain=5286.8 2092.13 1645.72 1762.14 1591.02 1508.11 1464.99 1268.33 1250.61 1170.41 1273.02 940.471
threshold=45.250000000000007 51.250000000000007 -0.0098130292464773377 -0.0022471491247415538 -4.8263889948527003 -0.11625457875457872 -0.047611347809877413 3.3666666666666694 0.56588086671035864 0.079880037266591625 -0.024839665236261979 0.022751322751322748
decision_type=8 10 10 10 8 10 10 10 10 10 10 10
left_child=8 4 7 -4 5 -2 -6 -3 9 10 -1 -10
right_child=1 2 3 -5 6 -7 -8 -9 11 -11 -12 -13
leaf_value=-0.16567155284483634 0.12800837080433686 0.20888303653269574 0.26710640189628448 -0.10935224204782457 -0.014628037698684433 -0.19262435380520859 0.12385925204931938 0.61525380407060903 0.29284862811500961 0.16057031314547471 -0.039141496135133701 -0.089202231044570604
leaf_weight=496 48 64 57 58 312 118 481 30 32 36 338 25
leaf_count=496 48 64 57 58 312 118 481 30 32 36 338 25
internal_value=0.00123053 0.0718827 0.213403 0.0801784 0.0400417 -0.0985869 0.0695595 0.363604 -0.0876441 -0.102678 -0.11499 0.130796
internal_weight=2095 1168 209 115 959 166 793 94 927 870 834 57
internal_count=2095 1168 209 115 959 166 793 94 927 870 834 57
is_linear=0
shrinkage=0.05


Tree=20
num_leaves=13
num_cat=0
split_feature=84 75 97 59 73 51 77 0 26 93 19 101
split_gain=4791.95 1649.45 1925.23 2262.4 1737.6 1513.2 1538.06 1323.71 1656.2 1678.98 1100.56 658.352
threshold=47.750000000000007 0.19910576262045654 -0.063295528877091542 0.041666666666666692 32.500000000000007 -38.83333333333325 0.078427483638127696 22.500000000000004 -0.24629425428186849 0.12212301587301587 -0.14773016703270728 -80.499999999999986
decision_type=10 10 8 8 8 10 10 10 8 10 10 10
left_child=1 2 3 -1 -4 10 -7 8 11 -10 -3 -2
right_child=7 5 4 -5 -6 6 -8 -9 9 -11 -12 -13
leaf_value=-0.058272626877237013 0.18177062032123409 -0.34608241694944875 -0.39527351065822275 0.24860714777391785 -0.079447878839048705 0.038981092227874575 0.40126326692835346 -0.17459025670670802 0.14683459440162511 -0.12154761298066552 0.056933221973954368 0.60276308256702926
leaf_weight=151 25 22 41 93 1049 69 48 31 440 63 42 21
leaf_count=151 25 22 41 93 1049 69 48 31 440 63 42 21
internal_value=0.00131018 -0.0454701 -0.0647481 0.0611364 -0.0931239 0.0942645 0.198373 0.122933 0.141248 0.112256 -0.0959183 0.415195
internal_weight=2095 1515 1334 244 1090 181 117 580 549 503 64 46
internal_count=2095 1515 1334 244 1090 181 117 580 549 503 64 46
is_linear=0
shrinkage=0.05


Tree=21
num_leaves=14
num_cat=0
split_feature=84 110 84 57 76 57 95 14 5 85 109 109 45
split_gain=4526.21 2397.28 1994.19 1638.29 1459.38 1187.25 1359.23 1681.22 1373.18 1163.09 1814.47 1366.63 775.597
threshold=45.250000000000007 1.5000000000000002 49.750000000000007 -1817.3499999999997 7.416666666666667 -113.99999999999999 -0.10926433900992076 -0.01643872041785743 -2.8000826785961781 -0.29027777777777769 4.1666664600372316 -3.4791667461395259 2.5000000000000004
decision_type=8 8 8 10 10 8 8 10 10 8 8 8 2
left_child=5 2 3 -2 -4 6 7 -1 -8 10 -3 -11 -7
right_child=1 9 4 -5 -6 12 8 -9 -10 11 -12 -13 -14
leaf_value=0.1832434100307086 0.35766622879076748 0.30929986238224461 0.35053187576245126 0.0073802064323709136 -0.016951775510568878 0.33873730301856997 -0.23340877747877725 -0.083631615688146088 -0.076485974495065112 -0.13527589478370178 -0.10508211737628592 0.029865564209840087 -0.012881704533559291
leaf_weight=80 35 68 147 205 32 21 227 188 373 164 38 479 38
leaf_count=80 35 68 147 205 32 21 227 188 373 164 38 479 38
internal_value=0.00130443 0.0666784 0.161698 0.0649245 0.285889 -0.0809276 -0.0958508 -0.00188722 -0.137376 0.012737 0.162255 -0.0128961 0.128176
internal_weight=2095 1168 419 240 179 927 868 268 600 749 106 643 59
internal_count=2095 1168 419 240 179 927 868 268 600 749 106 643 59
is_linear=0
shrinkage=0.05


Tree=22
num_leaves=14
num_cat=0
split_feature=110 30 81 97 68 42 38 61 59 49 30 38 24
split_gain=2638.72 1832.75 1663.25 1589.34 1983.52 1519.48 1431.06 1674.18 1396.98 1523.32 1260.1 1102.48 954.03
threshold=6.5000000000000009 -1.1716358386188657 -0.29999999999999993 -0.024898017101726604 0.23007708514342087 0.10682545009379589 0.76493937273820245 -0.069364718471964196 0.15000000000000011 -6.9999999999999956 -1.3243017101541013 0.47004322608311977 -0.43231936677912008
decision_type=8 8 8 8 10 8 10 8 8 10 10 8 10
left_child=1 10 8 5 -5 -3 7 -4 9 -2 11 -1 -10
right_child=2 3 6 4 -6 -7 -8 -9 12 -11 -12 -13 -14
leaf_value=0.02885109105416192 0.039234452261481173 0.29674028511135242 0.39184007805127363 -0.0041518914387617487 0.23742864753911708 0.04314207027737911 -0.32962645607335228 -0.017356814316314122 0.25751222432763488 -0.3086087931312767 -0.34308604612465832 -0.20939086399458606 -0.096047954926124002
leaf_weight=293 38 151 21 410 102 99 30 642 22 148 26 53 60
leaf_count=293 38 151 21 410 102 99 30 642 22 148 26 53 60
internal_value=0.00134671 0.0529213 -0.0594196 0.0971448 0.0457095 0.199327 -0.0180214 -0.00148506 -0.163994 -0.238116 -0.0376199 -0.00996309 0.00758291
internal_weight=2095 1134 961 762 512 250 693 663 268 186 372 346 82
internal_count=2095 1134 961 762 512 250 693 663 268 186 372 346 82
is_linear=0
shrinkage=0.05


Tree=23
num_leaves=13
num_cat=0
split_feature=84 110 84 21 119 32 67 36 57 14 110 45
split_gain=4052.54 2065.39 1823.14 1521.46 1502.47 1146.16 1416.3 1327 1089.11 1171.05 1287.7 717.796
threshold=45.250000000000007 1.5000000000000002 49.750000000000007 1130.9000000000003 -10.999999999999996 1.0000000180025095e-35 -0.22430555555555556 -0.40972225616375596 -113.99999999999999 0.079880037266591625 5.5000000000000009 2.5000000000000004
decision_type=8 8 8 8 8 10 10 8 8 10 10 2
left_child=8 2 3 -2 -4 7 -7 -3 9 10 -1 -10
right_child=1 5 4 -5 -6 6 -8 -9 11 -11 -12 -13
leaf_value=-0.046394293910245701 -0.04045144511520668 -0.15931307429839905 -0.039900755675302615 0.21304799259937918 0.33448876575658137 -0.044428243358252628 0.16780003173032193 0.023511949718000129 0.32626081269520979 0.16865834888248218 -0.17202078067105936 -0.012000109026814964
leaf_weight=459 148 147 31 92 148 127 193 282 21 37 372 38
leaf_count=459 148 147 31 92 148 127 193 282 21 37 372 38
internal_value=0.00127657 0.0631365 0.151337 0.058884 0.270056 0.0130533 0.0840304 -0.0401329 -0.0765326 -0.0908306 -0.103384 0.1237
internal_weight=2095 1168 419 240 179 749 320 429 927 868 831 59
internal_count=2095 1168 419 240 179 749 320 429 927 868 831 59
is_linear=0
shrinkage=0.05


Tree=24
num_leaves=15
num_cat=0
split_feature=84 0 48 84 73 19 28 52 21 66 20 29 59 115
split_gain=3679.18 1486.44 1722.67 1509.67 1788.21 1534.64 1487.68 1294.93 1978.05 1528.86 1404.9 2415.97 1379.93 1289.71
threshold=47.250000000000007 10.500000000000002 -82.386904761904802 38.750000000000007 71.500000000000014 0.6795530544477516 -0.028547103206316645 -0.034418420832646471 414.95000000000005 1.4145439152738879 0.075769629019002138 0.12410082217926782 -0.016666666666666771 -0.078786644029120598
decision_type=10 8 8 10 8 10 8 8 10 10 8 10 10 10
left_child=1 3 13 4 -1 -5 -4 8 -2 -10 11 -9 -12 -3
right_child=7 2 6 5 -6 -7 -8 10 9 -11 12 -13 -14 -15
leaf_value=-0.40976383397355676 0.32594460558008265 0.4578548917339908 -0.18497623748273828 -0.07367541093623535 0.059790834761224688 0.29739937155411161 0.029601428362051235 0.29784408524960321 -0.28483095108463929 0.14368540284133727 0.14459977701821544 -0.095372192766152178 -0.06712550871244824 0.046774956644797812
leaf_weight=63 22 31 97 768 27 24 383 191 64 26 183 46 126 44
leaf_count=63 22 31 97 768 27 24 383 191 64 26 183 46 126 44
internal_value=0.00129599 -0.0435053 0.0204331 -0.0836834 -0.272638 -0.0605728 -0.015118 0.0988027 -0.053834 -0.159464 0.130408 0.220923 0.0584118 0.235309
internal_weight=2095 1437 555 882 90 792 480 658 112 90 546 237 309 75
internal_count=2095 1437 555 882 90 792 480 658 112 90 546 237 309 75
is_linear=0
shrinkage=0.05


Tree=25
num_leaves=15
num_cat=0
split_feature=84 110 84 54 67 118 15 109 36 24 37 38 48 43
split_gain=3373.48 1837.42 1634.72 2424.22 2021.21 1060.72 1294.56 1179.38 1023.55 1794.41 1365.64 1246.96 1596 943.676
threshold=45.250000000000007 1.5000000000000002 50.750000000000007 -0.060522038413842703 0.77000000000000013 -0.24349822793155906 -0.15010822564363477 -11.90486110448837 -2.0154761473337808 -0.84559099987952013 -0.32561933621764177 0.67972930064424886 -126.58333333333336 -1.0000000180025095e-35
decision_type=8 8 8 8 10 8 10 8 8 10 8 10 8 10
left_child=8 2 3 -2 -4 6 -3 -7 9 13 -11 12 -10 -1
right_child=1 5 4 -5 -6 7 -8 -9 11 10 -12 -13 -14 -15
leaf_value=-0.10582953816652299 -0.38561320911954949 -0.12732955980300906 0.35883112111759763 0.11305586646097179 -0.10736721184465192 -0.32110239102922639 0.31652893293987622 0.0046581016005383747 0.13979930156902945 0.070631410247262785 -0.29194184224072256 -0.32295326123366486 -0.059567708917606023 0.33407219362258916
leaf_weight=20 22 20 119 252 26 24 50 655 117 29 147 32 562 20
leaf_count=20 22 20 119 252 26 24 50 655 117 29 147 32 562 20
internal_value=0.00131544 0.0577568 0.140945 0.0666444 0.274111 0.0105282 0.189011 -0.00904623 -0.0696741 -0.163881 -0.231623 -0.04004 -0.0243704 0.12569
internal_weight=2095 1168 419 274 145 749 70 679 927 216 176 711 679 40
internal_count=2095 1168 419 274 145 749 70 679 927 216 176 711 679 40
is_linear=0
shrinkage=0.05


end of trees

feature_importances:
opening_total_home=46
wind_speed_away=19
diff_div_off_epa_std=9
diff_proe_roll6=9
diff_off_cpoe_roll6=8
diff_rb_weighted_epa_roll3=8
diff_off_drives_per_game_std=8
diff_def_explosive_rush_rate_std=8
diff_travel_miles=8
diff_adj_off_epa_std=7
diff_nondiv_def_epa_roll6=7
diff_leading_off_epa_std=6
diff_fourth_down_success_rate_std=6
win_pct_home=6
diff_off_explosive_rush_rate_roll3=6
diff_opp_fumble_recovery_rate_std=6
diff_ep_team_opportunity_hhi_std=5
travel_miles_away=5
diff_punt_return_avg_roll3=5
diff_def_rz_epa_roll6=5
diff_fg_pct_roll6=5
diff_fg_pct_50plus_roll6=5
diff_def_penalty_yards_drawn_roll3=5
diff_opening_spread=4
diff_off_top_seconds_std=4
diff_off_top_seconds_roll3=4
diff_win_streak=4
diff_def_sack_rate_roll3=4
temperature_home=4
diff_skill_injury_impact_roll3=4
diff_fourth_down_go_rate_roll6=4
diff_fg_pct_long_std=4
diff_ep_team_fp_over_expected_roll3=3
diff_def_penalty_yards_drawn_roll6=3
diff_div_def_epa_roll6=3
diff_ep_team_td_over_expected_std=3
diff_off_epa_per_play_roll6=3
diff_leading_off_epa_roll3=3
diff_own_fumble_recovery_rate_std_roll3=3
diff_off_penalties_drawn_std=3
diff_adj_def_epa_roll3=3
diff_away_off_epa_roll3=3
win_streak_home=3
diff_ko_return_avg_roll6=3
diff_skill_injury_impact_roll6=2
diff_adj_def_epa_std=2
diff_off_third_down_rate_roll3=2
diff_away_def_epa_roll6=2
diff_def_rz_pass_rate_std=2
diff_off_rz_success_rate_roll6=2
diff_leading_def_epa_std=2
losses_away=2
diff_pace_roll3=2
diff_home_def_epa_std=2
diff_wr_te_weighted_epa_std=2
diff_def_injury_impact_std=2
ats_margin_avg3_away=2
diff_def_rz_td_rate_roll6=2
diff_ep_team_exp_pass_fp_roll6=2
diff_away_def_epa_roll3=2
diff_off_rz_pass_rate_roll3=2
diff_trailing_off_epa_std=2
diff_off_drives_per_game_roll3=2
diff_off_sos_score_std=2
diff_def_penalty_yards_std=1
diff_fourth_down_success_rate_roll6=1
diff_ko_touchback_rate_std=1
diff_ep_team_exp_fp_total_std=1
diff_rb_weighted_epa_std=1
diff_wins=1
diff_off_success_rate_roll3=1
diff_leading_off_epa_roll6=1
diff_ep_team_rush_share_hhi_roll6=1
diff_opp_fumble_recovery_rate_std_roll3=1
diff_ep_team_opportunity_hhi_roll3=1
diff_off_explosive_pass_rate_roll6=1
diff_def_injury_impact_roll3=1
diff_def_sack_rate_std=1
diff_trailing_def_epa_std=1
diff_win_pct=1
diff_off_rz_success_rate_roll3=1
diff_off_sack_rate_roll3=1
diff_def_rz_td_rate_roll3=1
diff_ko_return_avg_std=1
diff_wr_te_weighted_epa_roll3=1
ats_cover_sum3_home=1
diff_def_explosive_pass_rate_roll3=1
diff_ep_team_fp_over_expected_roll6=1
diff_def_top_seconds_roll6=1
diff_off_rz_trips_roll6=1
diff_nondiv_def_epa_std=1
diff_fourth_down_go_rate_roll3=1
diff_off_rz_epa_roll6=1

parameters:
[boosting: gbdt]
[objective: regression]
[metric: l2]
[tree_learner: serial]
[device_type: cpu]
[data_sample_strategy: bagging]
[data: ]
[valid: ]
[num_iterations: 500]
[learning_rate: 0.05]
[num_leaves: 31]
[num_threads: 16]
[seed: 42]
[deterministic: 0]
[force_col_wise: 1]
[force_row_wise: 0]
[histogram_pool_size: -1]
[max_depth: 4]
[min_data_in_leaf: 20]
[min_sum_hessian_in_leaf: 0.001]
[bagging_fraction: 0.8]
[pos_bagging_fraction: 1]
[neg_bagging_fraction: 1]
[bagging_freq: 0]
[bagging_seed: 400]
[bagging_by_query: 0]
[feature_fraction: 0.7]
[feature_fraction_bynode: 1]
[feature_fraction_seed: 30056]
[extra_trees: 0]
[extra_seed: 12879]
[early_stopping_round: 0]
[early_stopping_min_delta: 0]
[first_metric_only: 0]
[max_delta_step: 0]
[lambda_l1: 1]
[lambda_l2: 5]
[linear_lambda: 0]
[min_gain_to_split: 0]
[drop_rate: 0.1]
[max_drop: 50]
[skip_drop: 0.5]
[xgboost_dart_mode: 0]
[uniform_drop: 0]
[drop_seed: 17869]
[top_rate: 0.2]
[other_rate: 0.1]
[min_data_per_group: 100]
[max_cat_threshold: 32]
[cat_l2: 10]
[cat_smooth: 10]
[max_cat_to_onehot: 4]
[top_k: 20]
[monotone_constraints: ]
[monotone_constraints_method: basic]
[monotone_penalty: 0]
[feature_contri: ]
[forcedsplits_filename: ]
[refit_decay_rate: 0.9]
[cegb_tradeoff: 1]
[cegb_penalty_split: 0]
[cegb_penalty_feature_lazy: ]
[cegb_penalty_feature_coupled: ]
[path_smooth: 0]
[interaction_constraints: ]
[verbosity: -1]
[saved_feature_importance_type: 0]
[use_quantized_grad: 0]
[num_grad_quant_bins: 4]
[quant_train_renew_leaf: 0]
[stochastic_rounding: 1]
[linear_tree: 0]
[max_bin: 255]
[max_bin_by_feature: ]
[min_data_in_bin: 3]
[bin_construct_sample_cnt: 200000]
[data_random_seed: 175]
[is_enable_sparse: 1]
[enable_bundle: 1]
[use_missing: 1]
[zero_as_missing: 0]
[feature_pre_filter: 1]
[pre_partition: 0]
[two_round: 0]
[header: 0]
[label_column: ]
[weight_column: ]
[group_column: ]
[ignore_column: ]
[categorical_feature: ]
[forcedbins_filename: ]
[precise_float_parser: 0]
[parser_config_file: ]
[objective_seed: 16083]
[num_class: 1]
[is_unbalance: 0]
[scale_pos_weight: 1]
[sigmoid: 1]
[boost_from_average: 1]
[reg_sqrt: 0]
[alpha: 0.9]
[fair_c: 1]
[poisson_max_delta_step: 0.7]
[tweedie_variance_power: 1.5]
[lambdarank_truncation_level: 30]
[lambdarank_norm: 1]
[label_gain: ]
[lambdarank_position_bias_regularization: 0]
[eval_at: ]
[multi_error_top_k: 1]
[auc_mu_weights: ]
[num_machines: 1]
[local_listen_port: 12400]
[time_out: 120]
[machine_list_filename: ]
[machines: ]
[gpu_platform_id: -1]
[gpu_device_id: -1]
[gpu_use_dp: 0]
[num_gpu: 1]

end of parameters

pandas_categorical:[]
