tree
version=v4
num_class=1
num_tree_per_iteration=1
label_index=0
max_feature_idx=79
objective=regression
feature_names=ats_margin_avg3_away diff_adj_off_epa_std diff_away_def_epa_roll6 diff_away_off_epa_roll6 diff_def_avg_drive_plays_roll3 diff_def_epa_per_play_roll6 diff_def_explosive_rush_rate_std diff_def_injury_impact_roll3 diff_def_injury_impact_std diff_def_penalty_yards_drawn_roll6 diff_def_rz_epa_roll6 diff_def_rz_success_rate_roll3 diff_def_rz_success_rate_std diff_def_rz_td_rate_roll3 diff_def_sack_rate_roll6 diff_def_success_rate_roll6 diff_def_third_down_rate_roll3 diff_def_three_and_out_rate_std diff_div_def_epa_roll6 diff_div_def_epa_std diff_div_off_epa_roll6 diff_fg_att_std diff_fg_pct_50plus_roll6 diff_fg_pct_50plus_std diff_fourth_down_go_rate_roll3 diff_fourth_down_go_rate_std diff_fourth_down_success_rate_roll3 diff_fourth_down_success_rate_roll6 diff_home_def_epa_roll6 diff_home_def_epa_std diff_home_off_epa_roll6 diff_ko_return_avg_std diff_ko_touchback_rate_roll3 diff_ko_touchback_rate_roll6 diff_leading_def_epa_roll3 diff_leading_off_epa_roll3 diff_leading_off_epa_roll6 diff_leading_off_epa_std diff_nondiv_def_epa_roll3 diff_nondiv_def_epa_roll6 diff_nondiv_off_epa_roll3 diff_nondiv_off_epa_std diff_off_avg_drive_plays_std diff_off_cpoe_roll6 diff_off_epa_per_play_roll6 diff_off_explosive_pass_rate_roll3 diff_off_explosive_rush_rate_roll3 diff_off_penalties_std diff_off_penalty_yards_drawn_roll3 diff_off_penalty_yards_drawn_roll6 diff_off_rush_epa_std diff_off_rz_success_rate_std diff_off_rz_td_rate_roll3 diff_off_rz_trips_std diff_off_sack_rate_std diff_off_sos_score_roll3 diff_off_success_rate_std diff_off_third_down_rate_roll3 diff_off_third_down_rate_roll6 diff_off_three_and_out_rate_std diff_off_top_seconds_std diff_opening_spread diff_opp_fumble_recovery_rate_std diff_opp_fumble_recovery_rate_std_roll6 diff_own_fumble_recovery_rate_std_roll3 diff_punt_return_avg_roll3 diff_punt_return_avg_roll6 diff_rb_weighted_epa_roll3 diff_rb_weighted_epa_roll6 diff_skill_injury_impact_roll3 diff_skill_injury_impact_roll6 diff_trailing_def_epa_std diff_trailing_off_epa_roll6 diff_travel_miles diff_win_streak diff_wr_te_weighted_epa_std opening_total_away travel_miles_away win_pct_home wind_speed_away
feature_infos=[-38:39] [-0.89615999162197113:0.75189545750617981] [-0.76172319302956271:0.81195994466543198] [-0.73939523100852966:0.84628571569919586] [-3.833333333333333:3.2272727272727275] [-0.71541596949100494:0.88652980327606201] [-0.2424242424242424:0.20042417815482502] [-4.1500000000000004:3.7666666666666666] [-4.1500000000000004:3] [-69:77] [-2.2391043901443481:2.4243320624033609] [-0.69230768084526062:0.8333333283662796] [-0.69230768084526062:0.8333333283662796] [-1:1] [-0.14705882966518402:0.1666666716337204] [-0.24968472123146057:0.30359803140163422] [-0.57142859697341919:0.56666663289070129] [-0.46153846153846156:0.40909090909090906] [-0.86481103301048279:0.78134894371032715] [-0.77946552634239197:0.78134894371032715] [-0.75205850601196289:1.0891301482915878] [-4:4] [-1:1] [-1:1] [-0.51666666666666672:0.80000000000000004] [-0.44444444444444442:0.80000000000000004] [-1:1] [-1:1] [-0.80247220396995544:0.88652980327606201] [-0.80247220396995544:0.88652980327606201] [-0.62429746985435486:1.1150727421045303] [-48.5:47.125] [-1:1] [-1:1] [-6.2839754968881607:8.9713747501373291] [-8.9221019198497142:8.8304748088121414] [-8.3892935514450073:5.439639899879694] [-4.8015694357454777:5.439639899879694] [-0.73443540185689926:0.88652980327606201] [-0.65543012320995331:0.88652980327606201] [-0.74516201019287109:0.97462587058544159] [-0.66089094678560889:0.75189545750617981] [-3.583333333333333:4.5] [-30.688534736633301:38.514461517333984] [-0.89615999162197113:0.84700344502925873] [-0.18837018837018837:0.2857142857142857] [-0.23076923076923078:0.2533333333333333] [-7:6] [-77:94] [-77:94] [-0.67900723963975906:1.0113861858844757] [-0.73333331942558289:0.84615384042263031] [-1:1] [-6:5] [-0.16287340596318245:0.14610389992594719] [-0.73939523100852966:0.81203330308198929] [-0.38152013719081879:0.27322402596473694] [-0.44230771064758301:0.62727269530296326] [-0.44230771064758301:0.62727269530296326] [-0.4116161616161616:0.57575757575757569] [-984:879] [-33:43] [-1:1] [-1:1] [-1:1] [-26.999999523162842:45.416667938232422] [-26.999999523162842:45.416667938232422] [-8.528332817309348:10.559087289124728] [-7.6779916545954237:10.559087289124728] [-2.9489422087868058:2.8925925925374032] [-2.4974933153018357:2.3574074074074076] [-1.6924982778728008:1.6416833959519863] [-2.5981578990817069:2.2618493437767029] [-2719.8000000000002:1992.7000000000003] [-17:16] [-12.31318187713623:12.183483719825745] [10.5:63.5] [0:5266.8000000000002] [0:1] [0:71]
tree_sizes=1443 1433 1348 1430 1444 1342 1435 1341 1427 1429 1508 1422 1431 1441 1417 1433 1431 1435 1350

Tree=0
num_leaves=16
num_cat=0
split_feature=79 78 3 25 77 46 39 75 65 67 49 78 35 46 53
split_gain=7525.43 3471.66 2989.02 2876.01 2961.82 2502.56 2831.37 2376.13 2163.95 1410.46 1272.01 1075.81 871.567 431.906 327.219
threshold=6.5000000000000009 0.69615384615384623 0.24001805041916671 0.035846560846560835 1634.0000000000002 -0.070180023297563773 0.11963682272471489 -3.0692842407595538 -0.27579367160797114 2.7739849718807172 17.750000000000007 0.40833333333333338 0.16805461669961616 -0.093025631918820753 0.36038961038961032
decision_type=8 2 10 10 8 8 10 10 10 10 10 2 8 10 10
left_child=1 2 7 4 -3 11 8 -1 -7 -4 -8 13 -13 -2 -5
right_child=5 3 9 14 -6 6 10 -9 -10 -11 -12 12 -14 -15 -16
leaf_value=45.692487851824595 45.592854780648658 45.539169476606183 45.973015102054298 45.79670092968059 46.010318926869886 45.329312818093548 45.13896301138962 45.470057912702842 45.504470480053762 45.485813836787649 45.547813832853748 45.25631631383748 45.665931692721649 45.92658134233475 46.204435508327016
leaf_weight=140 21 144 49 21 39 371 153 693 330 20 20 21 21 24 28
leaf_count=140 21 144 49 21 39 371 153 693 330 20 20 21 21 24 28
internal_value=45.4936 45.5806 45.5356 45.751 45.6509 45.3909 45.3653 45.5083 45.4113 45.8401 45.1867 45.6403 45.4587 45.7973 46.0749
internal_weight=2095 1134 902 232 183 961 874 833 701 69 173 87 42 45 49
internal_count=2095 1134 902 232 183 961 874 833 701 69 173 87 42 45 49
is_linear=0
shrinkage=1


Tree=1
num_leaves=15
num_cat=0
split_feature=76 76 39 1 79 43 63 22 14 18 43 23 31 67
split_gain=21605.9 5115.78 2686.58 3008.7 2593.7 2211.46 1949.81 1706.68 1635.74 1544.06 2324.36 1808.57 1363.22 1288.76
threshold=47.750000000000007 42.250000000000007 0.11688532799113698 -0.047611347809877413 8.5000000000000018 -3.007461309432983 -0.19416887125220458 -0.24166666666666667 -0.026987861997137458 0.13650586766501271 -7.148239862918853 -0.39166666666666666 -9.0041666030883771 1.5558137708698119
decision_type=10 8 10 10 10 10 8 8 8 8 10 8 10 8
left_child=1 9 3 -3 5 8 -6 -7 -2 11 -11 -1 -4 -8
right_child=4 2 12 -5 6 7 13 -9 -10 10 -12 -13 -14 -15
leaf_value=-0.005138095450955768 0.11716224655508996 -0.10831032899910718 0.10977894870771304 0.08143695122675465 -0.33616150010090612 0.45149381499065727 0.29442596000338356 0.14355521156765899 0.51800383192186639 -0.41920140850908905 -0.014097038363968884 -0.38121820640646753 -0.22933663793585521 -0.044631112071703068
leaf_weight=38 35 357 31 489 21 56 58 212 150 44 130 211 215 48
leaf_count=38 35 357 31 489 21 56 58 212 150 44 130 211 215 48
internal_value=0.000249682 -0.0991043 -0.0414134 0.00114162 0.258484 0.314017 0.0556302 0.215174 0.447511 -0.245696 -0.125665 -0.325252 -0.185068 0.145346
internal_weight=2095 1515 1092 846 580 453 127 268 185 423 174 249 246 106
internal_count=2095 1515 1092 846 580 453 127 268 185 423 174 249 246 106
is_linear=0
shrinkage=0.05


Tree=2
num_leaves=14
num_cat=0
split_feature=76 76 39 70 68 79 76 63 68 61 79 18 18
split_gain=19575.3 4639 2427.41 2917.47 2415.43 2357.75 2195.62 1789.04 1695.11 1636.61 1416.64 1753.97 1581.99
threshold=47.750000000000007 42.250000000000007 0.11688532799113698 -0.49922972863978948 0.084494320954463478 8.5000000000000018 55.250000000000007 -0.19416887125220458 0.96642300897459499 22.500000000000004 5.5000000000000009 -0.17319319940482572 0.13650586766501271
decision_type=10 8 10 10 10 10 10 8 8 10 10 10 10
left_child=1 10 4 -4 -3 6 9 -7 -9 -2 12 -12 -1
right_child=5 2 3 -5 -6 7 -8 8 -10 -11 11 -13 -14
leaf_value=-0.21014488447563992 0.28762653694463181 -0.070600277887694921 0.10228170535304178 -0.27820977021109411 0.099476072179808847 -0.32258573684554837 0.71923524025947827 0.30097299114321219 -0.088551014676690104 -0.13719392166687891 -0.11926795978290149 -0.43461580924744159 0.10486925930347082
leaf_weight=170 406 490 66 180 356 21 26 61 45 21 73 132 48
leaf_count=170 406 490 66 180 356 21 26 61 45 21 73 132 48
internal_value=0.000255982 -0.0943129 -0.0393738 -0.175924 0.00107371 0.246057 0.299004 0.0526473 0.138619 0.265272 -0.233908 -0.328073 -0.139764
internal_weight=2095 1515 1092 246 846 580 453 127 106 427 423 205 218
internal_count=2095 1515 1092 246 846 580 453 127 106 427 423 205 218
is_linear=0
shrinkage=0.05


Tree=3
num_leaves=15
num_cat=0
split_feature=76 76 76 79 39 70 1 70 61 72 64 23 72 25
split_gain=17783.8 3756.6 2358.96 2124.45 2026 2822.6 2266.12 1528.81 1358.16 1611.22 1357.65 1536 1451.19 586.091
threshold=47.250000000000007 42.250000000000007 51.250000000000007 10.500000000000002 0.11688532799113698 -0.49922972863978948 -0.047611347809877413 -0.14852733336443055 19.500000000000004 -0.020681671899122494 0.19097222222222221 -0.39166666666666666 0.45158901422594994 0.0027375864875864857
decision_type=10 8 10 10 10 10 10 8 10 10 10 10 10 10
left_child=1 10 8 7 6 -6 -3 -4 9 -2 12 -12 -1 -10
right_child=2 4 3 -5 5 -7 -8 -9 13 -11 11 -13 -14 -15
leaf_value=-0.20748041532502023 0.088361040374011171 -0.1041002475010962 0.18943504463853456 -0.044345824104366882 0.10651194537332392 -0.27624889506789091 0.066987945131148044 0.51801715472773202 -0.27874214512109757 0.29216002805395364 -0.032048602223396304 -0.5537234196173294 0.14686578051610427 0.059336012601852423
leaf_weight=324 238 334 62 28 63 171 446 119 20 168 20 51 28 23
leaf_count=324 238 334 62 28 63 171 446 119 20 168 20 51 28 23
internal_value=0.000234052 -0.0982868 0.214587 0.35263 -0.0455402 -0.172916 -0.00640563 0.413851 0.147045 0.175342 -0.222603 -0.419207 -0.177492 -0.109524
internal_weight=2095 1437 658 209 1014 234 780 181 449 406 423 71 352 43
internal_count=2095 1437 658 209 1014 234 780 181 449 406 423 71 352 43
is_linear=0
shrinkage=0.05


Tree=4
num_leaves=15
num_cat=0
split_feature=79 67 69 73 35 42 34 63 67 12 56 31 45 66
split_gain=5996.18 2689.68 2345.36 2020.34 1954.2 1796.87 2281.36 1751.16 1745.06 1960.4 1459.53 1132.2 1118.8 1103.55
threshold=6.5000000000000009 -1.1716358386188657 -0.29999999999999993 -972.49999999999989 0.35449719801545149 -0.68976087265560959 0.46774663620938867 -0.10238095238095245 -1.3243017101541013 0.021720484564346918 -0.052476444769473295 -7.8262498855590819 -0.0054865199520240859 -2.1408730347951246
decision_type=8 8 8 10 10 8 10 10 10 8 8 10 10 10
left_child=1 8 7 10 -5 11 -7 12 9 -1 -3 -4 -2 -9
right_child=2 3 5 4 -6 6 -8 13 -10 -11 -12 -13 -14 -15
leaf_value=0.11311929936344561 -0.22839380773156881 -0.10883513176813722 -0.12753191546482198 0.012850786715666241 0.29475421850141642 -0.052319308755615759 -0.45443113367808491 -0.033397072766508377 -0.39126403562484252 -0.12172612189723736 0.25720446238306577 0.21127241219640994 0.086652238529462078 -0.37586030083829947
leaf_weight=180 45 27 29 369 69 538 33 30 26 166 297 93 60 133
leaf_count=180 45 27 29 369 69 538 33 30 26 166 297 93 60 133
internal_value=0.000218894 0.0779576 -0.0913914 0.131501 0.0601987 -0.0420618 -0.0793885 -0.215659 -0.0318761 0.000176363 0.225359 0.128493 -0.0521572 -0.315998
internal_weight=2095 1134 961 762 438 693 571 268 372 346 324 122 105 163
internal_count=2095 1134 961 762 438 693 571 268 372 346 324 122 105 163
is_linear=0
shrinkage=0.05


Tree=5
num_leaves=14
num_cat=0
split_feature=79 78 3 46 78 69 1 75 15 75 62 63 19
split_gain=5429.87 2815.03 2558.09 2189.19 2195.47 2169.88 2169.19 2446.09 2023.04 1861.01 1752.97 1304.27 656.618
threshold=6.5000000000000009 0.69615384615384623 0.24001805041916671 -0.070180023297563773 0.5590277777777779 0.31345833325882755 -0.093474078574217842 2.6287398176888632 -0.090150809536377566 -3.0692842407595538 -0.15397727272727271 -0.19883377425044088 -0.063137776590883724
decision_type=8 2 10 8 2 8 8 10 8 10 10 10 10
left_child=1 2 9 10 8 -6 -3 -8 -5 -1 -2 -4 -12
right_child=3 6 11 4 5 -7 7 -9 -10 -11 12 -13 -14
leaf_value=0.17136900187566362 -0.11189004207347952 -0.14870535526956832 0.59726849485326694 0.24441623641499161 -0.098430715368133817 0.17637517585334453 0.37908811017259725 -0.027452819794416428 -0.18935451593214347 -0.025475783081442372 0.084763728689264378 0.13756857374324824 0.4626498452004264
leaf_weight=140 36 30 22 24 202 105 155 47 543 693 22 47 29
leaf_count=140 36 30 22 24 202 105 155 47 543 693 22 47 29
internal_value=9.39136e-05 0.0740721 0.0335129 -0.0870816 -0.111038 -0.00296118 0.227518 0.285877 -0.16893 0.0083728 0.145992 0.315268 0.322656
internal_weight=2095 1134 902 961 874 307 232 202 567 833 87 69 51
internal_count=2095 1134 902 961 874 307 232 202 567 833 87 69 51
is_linear=0
shrinkage=0.05


Tree=6
num_leaves=15
num_cat=0
split_feature=76 76 76 79 38 61 78 22 33 77 1 79 1 21
split_gain=15543.7 3253.88 2073.35 1874.18 1573.62 1576.21 1567.45 2444.76 1560.82 1484.95 1260.44 2134.68 1257.23 1089.16
threshold=47.250000000000007 42.250000000000007 51.250000000000007 10.500000000000002 -0.12988428041959801 20.500000000000004 0.69615384615384623 0.52777777777777779 1.0000000180025095e-35 1118.1500000000003 0.012161947910984358 7.5000000000000009 -0.051433327838423699 0.061553030303030283
decision_type=10 8 10 10 8 10 2 8 10 10 10 10 8 10
left_child=1 10 4 8 5 -2 9 -8 -4 -3 13 -12 -6 -1
right_child=2 6 3 -5 12 -7 7 -9 -10 -11 11 -13 -14 -15
leaf_value=-0.37374841555223598 0.37513683338463311 -0.12226718526604125 0.5279610966247591 -0.042525671648256713 -0.091222451429769216 -0.089928710937500003 0.28888378336670856 -0.061179657175295776 0.2149745019092022 0.018666060521528385 0.038907413095631435 -0.29758084227853437 0.13302171963384782 -0.14588650068356876
leaf_weight=138 95 532 94 28 78 20 79 119 87 284 108 77 256 100
leaf_count=138 95 532 94 28 78 20 79 119 87 284 108 77 256 100
internal_value=0.000287096 -0.0918185 0.200686 0.330105 0.137363 0.293462 -0.0427213 0.081921 0.387612 -0.073341 -0.207521 -0.105027 0.0799328 -0.283186
internal_weight=2095 1437 658 209 449 115 1014 198 181 816 423 185 334 238
internal_count=2095 1437 658 209 449 115 1014 198 181 816 423 185 334 238
is_linear=0
shrinkage=0.05


Tree=7
num_leaves=14
num_cat=0
split_feature=76 76 79 76 23 7 70 1 55 76 27 52 23
split_gain=14130.3 3374.25 1727.97 1971.66 1758.54 1743.69 1621.64 2416.72 1717.09 1272.57 1188.23 1094.32 974.956
threshold=47.750000000000007 43.750000000000007 10.500000000000002 54.750000000000007 -0.26190476190476181 0.74166666666666647 0.074450417207471906 -0.047611347809877413 -0.28453152005871135 37.250000000000007 -0.35486111243565871 -0.093650793650793637 0.52083333333333337
decision_type=10 8 10 10 10 8 8 10 8 10 8 10 8
left_child=1 9 3 4 -2 12 7 -3 -8 11 -11 -1 -4
right_child=2 6 5 -5 -6 -7 8 -9 -10 10 -12 -13 -14
leaf_value=-0.12537705530722937 0.30058675515756478 -0.11938280999362605 -0.0077783949466215243 0.58946135780774067 0.10133000135768291 -0.26205792894930041 0.31678596012867416 0.13641822508255916 -0.10230159047153053 0.032702357970616401 -0.1722094427315774 -0.60923828773200517 0.40913685154914853
leaf_weight=25 251 131 31 35 210 33 21 284 444 80 505 25 20
leaf_count=25 251 131 31 35 210 33 21 284 444 80 505 25 20
internal_value=0.000314791 -0.0800288 0.209154 0.244341 0.211987 -0.000110137 -0.0163369 0.0550924 -0.0801 -0.167399 -0.144063 -0.401608 0.176757
internal_weight=2095 1515 580 496 461 84 880 415 465 635 585 50 51
internal_count=2095 1515 580 496 461 84 880 415 465 635 585 50 51
is_linear=0
shrinkage=0.05


Tree=8
num_leaves=15
num_cat=0
split_feature=76 76 76 6 74 79 68 0 64 51 23 42 60 61
split_gain=12826.4 2727.86 1804.34 1983.8 1932.03 1541.65 2597.33 1420.69 1228.62 1654.43 1385.98 1219.46 1587.21 1002.86
threshold=47.250000000000007 42.250000000000007 51.250000000000007 -0.046743404709229504 -3.4999999999999996 6.5000000000000009 -0.60305749847154522 -13.749999999999998 0.19097222222222221 -0.11729110702872272 -0.39166666666666666 -0.54742687867687889 -168.83333333333334 19.500000000000004
decision_type=10 8 10 8 8 8 8 10 10 8 10 8 10 10
left_child=1 8 11 -4 -5 6 -3 -7 9 -1 -10 12 -2 -13
right_child=2 5 3 4 -6 7 -8 -9 10 -11 -12 13 -14 -15
leaf_value=0.099931448262374281 -0.014732755685690791 -0.12508735929043766 -0.1047678344272848 -0.085994798898696906 0.41260299957850405 -0.31572254113305143 0.10223143543371722 -0.067294349152841978 -0.012233835220336914 -0.19266718007353667 -0.50286705398133824 0.11141804516803296 0.44624987579228592 -0.14373301958495921
leaf_weight=54 27 192 24 20 165 63 342 417 20 298 51 331 52 39
leaf_count=54 27 192 24 20 165 63 342 417 20 298 51 331 52 39
internal_value=0.000355965 -0.0833106 0.1824 0.303058 0.357593 -0.0383565 0.0200039 -0.102922 -0.189249 -0.146869 -0.375216 0.123408 0.296605 0.0828326
internal_weight=2095 1437 658 209 185 1014 534 480 423 352 71 449 79 370
internal_count=2095 1437 658 209 185 1014 534 480 423 352 71 449 79 370
is_linear=0
shrinkage=0.05


Tree=9
num_leaves=15
num_cat=0
split_feature=76 76 62 62 43 49 9 57 73 49 61 61 2 62
split_gain=11637.1 2829.97 1812.6 2369.4 1625.16 2400.89 1540.42 1618 1816.26 1444.7 1109.41 1499.48 869.326 829.899
threshold=47.750000000000007 43.750000000000007 -0.1157196969696969 -0.23577380952380947 -2.538860609134038 5.0000000000000027 -0.33333333333333032 -0.11795843144257863 -1179.2999999999997 10.708333333333336 20.500000000000004 2.5000000000000004 -0.066532775294035659 0.12738095238095243
decision_type=10 8 8 10 8 8 10 10 10 10 10 10 10 8
left_child=1 4 3 -3 13 -6 10 12 -9 -4 11 -2 -8 -1
right_child=6 2 9 -5 5 -7 7 8 -10 -11 -12 -13 -14 -15
leaf_value=-0.17731226380261134 -0.0041388807006371327 -0.036612909791741782 -0.092662833465742014 0.29008758918195965 0.004040295074968202 -0.23419920635507419 0.22737948226928714 0.53893543417527245 0.22526274106963828 0.088064074910112797 -0.19213866940860092 0.23347938801422252 -0.16347223004382669 -0.39672825623576236
leaf_weight=129 112 122 528 95 253 176 20 68 172 135 24 156 28 77
leaf_count=129 112 122 528 95 253 176 20 68 172 135 24 156 28 77
internal_value=0.000284279 -0.0726254 -0.0142954 0.1095 -0.152639 -0.0951559 0.189808 0.271514 0.323526 -0.0554047 0.105838 0.135736 0.00452648 -0.267022
internal_weight=2095 1515 880 217 635 429 580 288 240 663 292 268 48 206
internal_count=2095 1515 880 217 635 429 580 288 240 663 292 268 48 206
is_linear=0
shrinkage=0.05


Tree=10
num_leaves=16
num_cat=0
split_feature=79 3 73 41 75 53 42 74 68 58 25 41 37 27 2
split_gain=4120.64 2478.68 2159.49 2428.98 2007.23 1613.61 1585.17 2070.65 2307.02 1513.13 1111.34 984.532 925.461 605.112 575.05
threshold=6.5000000000000009 0.24001805041916671 -972.49999999999989 -0.14076007603268534 0.18447680297540506 1.2264957264957268 -0.72499999999999998 -4.4999999999999991 -1.0702247226434454 -0.12440272048115729 0.0027375864875864857 0.042402603508283711 0.24486404585962496 0.042500001192092914 -0.0055290196711818371
decision_type=8 10 10 8 10 10 8 8 8 10 10 8 8 8 8
left_child=1 2 3 -1 -4 12 9 13 -9 14 -7 -11 -3 -8 -2
right_child=6 5 4 -5 -6 10 7 8 -10 11 -12 -13 -14 -15 -16
leaf_value=-0.13875607489734085 -0.2574974765831774 0.18023613144954045 0.056060692230839829 0.17729797436838168 -0.12805782674404328 -0.19175898454807425 -0.43850299118594693 0.090989344120025642 -0.12131687398221414 0.31170784289715814 0.26643709362699436 -0.04816059426094095 0.58705037901444102 -0.13243092157550759 0.032276225619410216
leaf_weight=69 28 31 346 357 251 22 50 160 574 59 21 25 37 32 33
leaf_count=69 28 31 346 357 251 22 50 160 574 59 21 25 37 32 33
internal_value=0.000304587 0.0647523 0.0396483 0.124974 -0.0216869 0.284004 -0.0756349 -0.102676 -0.0746674 0.0745571 0.035414 0.207354 0.427324 -0.33411 -0.109408
internal_weight=2095 1134 1023 426 597 111 961 816 734 145 43 84 68 82 61
internal_count=2095 1134 1023 426 597 111 961 816 734 145 43 84 68 82 61
is_linear=0
shrinkage=0.05


Tree=11
num_leaves=15
num_cat=0
split_feature=76 76 66 2 48 76 74 79 38 60 18 18 74 3
split_gain=10458.9 2251.66 2177.5 1874.7 1711.04 1609.69 1725.02 1784.51 1438.72 1440.81 1210.87 1196.6 1020.75 943.387
threshold=47.250000000000007 39.250000000000007 -0.91180552343527477 0.066942028002813472 16.416666666666671 51.250000000000007 -3.4999999999999996 10.500000000000002 -0.12988428041959801 202.8571428571428 0.14828291884623471 0.094067563302814974 2.5000000000000004 0.24001805041916671
decision_type=10 8 8 8 10 10 8 10 8 10 8 8 10 10
left_child=1 3 13 12 -4 8 -7 -8 9 -2 -5 -10 -1 -3
right_child=5 2 4 10 -6 6 7 -9 11 -11 -12 -13 -14 -15
leaf_value=-0.49304091904644987 0.34734119196863555 -0.17177268898182474 -0.03574618640623551 -0.2700683475113832 0.17478746306151152 -0.10874662729246276 0.38643140911966745 -0.061351224677316074 0.17163891002703879 -0.066076270043849958 0.1861515056003224 -0.020153813615829741 -0.066148345947265638 0.080043913978476863
leaf_weight=65 90 379 781 21 105 23 162 24 128 25 28 206 20 38
leaf_count=65 90 379 781 21 105 23 162 24 128 25 28 206 20 38
internal_value=0.000317402 -0.0752317 -0.0545403 -0.266873 -0.00989886 0.164707 0.278551 0.328298 0.10912 0.258043 -0.0153477 0.0546476 -0.402406 -0.14803
internal_weight=2095 1437 1303 134 886 658 209 186 449 115 49 334 85 417
internal_count=2095 1437 1303 134 886 658 209 186 449 115 49 334 85 417
is_linear=0
shrinkage=0.05


Tree=12
num_leaves=15
num_cat=0
split_feature=76 76 66 66 66 23 73 79 15 73 31 72 35 66
split_gain=9476.31 2408.11 1833.06 1821.01 1604.46 2307.25 2725.34 1452.32 1286.28 1170.3 1537.58 1522.34 1138.24 1122.84
threshold=47.750000000000007 45.250000000000007 -0.68585319419701885 -0.50138888259728731 1.8826059425870578 -0.43650793650793651 -911.3499999999998 8.5000000000000018 -0.041837691018978738 -599.39999999999998 -4.4966665267944324 0.19501574058085683 -0.42539426436026889 2.6057540078957877
decision_type=10 8 8 8 10 10 10 10 10 8 8 10 8 10
left_child=1 2 12 -4 5 7 -7 -2 -6 10 -3 -11 -1 -10
right_child=4 9 3 -5 8 6 -8 -9 13 11 -12 -13 -14 -15
leaf_value=0.04657786509325338 0.30467924894392495 -0.14320466376949048 0.30781509792432193 -0.080573327593185459 0.031328350916090944 0.19336603205989711 -0.14598719147470549 -0.0020718891311574867 0.71306316944269044 -0.13686423568123299 0.11957804034069433 0.16674593203472643 -0.2365090035856996 0.28686050760538079
leaf_weight=38 170 64 27 551 31 105 123 49 21 186 290 48 311 81
leaf_count=38 170 64 27 551 31 105 123 49 21 186 290 48 311 81
internal_value=0.000303113 -0.065488 -0.115486 -0.0598605 0.171331 0.123321 0.0108751 0.237308 0.322011 0.0135596 0.0705972 -0.0721905 -0.205322 0.404296
internal_weight=2095 1515 927 578 580 447 228 219 133 588 354 234 349 102
internal_count=2095 1515 927 578 580 447 228 219 133 588 354 234 349 102
is_linear=0
shrinkage=0.05


Tree=13
num_leaves=15
num_cat=0
split_feature=76 76 39 70 68 9 18 43 57 18 43 46 34 61
split_gain=8597.3 2254.31 1885.87 2279.38 1856.27 1406.65 1495.12 1961.34 1677.91 1274.81 1904.74 1433.89 1134.74 1006.79
threshold=47.750000000000007 42.250000000000007 0.11688532799113698 -0.49922972863978948 0.084494320954463478 -0.33333333333333032 0.064632280031219139 -0.25188073764244717 -0.070514209568500505 0.13650586766501271 -7.148239862918853 -0.036452366574649182 0.31350371365745872 20.500000000000004
decision_type=10 8 10 10 10 10 8 10 10 8 10 10 10 10
left_child=1 9 4 -4 -3 12 7 -7 -8 11 -11 -1 13 -2
right_child=5 2 3 -5 -6 6 8 -9 -10 10 -12 -13 -14 -15
leaf_value=-0.010911886890729269 0.14728181514495273 -0.051208290827244221 0.10101500844031992 -0.23480614749186143 0.097881522104324686 0.53186339672606486 -0.12482757378293544 0.14691635242420925 0.2300312831587748 -0.31920425797603569 0.045064045025242701 -0.29579886799887278 -0.18227420176068942 -0.18949763822555543
leaf_weight=58 241 490 66 180 356 72 44 68 104 44 130 191 31 20
leaf_count=58 241 490 66 180 356 72 44 68 104 44 130 191 31 20
internal_value=0.000459958 -0.0622048 -0.0239106 -0.144291 0.011677 0.163363 0.241247 0.356747 0.123574 -0.159513 -0.0531138 -0.231158 0.0836095 0.11821
internal_weight=2095 1515 1092 246 846 580 288 140 148 423 174 249 292 261
internal_count=2095 1515 1092 246 846 580 288 140 148 423 174 249 292 261
is_linear=0
shrinkage=0.05


Tree=14
num_leaves=15
num_cat=0
split_feature=76 61 76 60 37 20 6 20 76 63 72 77 77 11
split_gain=7819.73 1997.27 1940.98 1812.72 1774.54 1737.19 1609.59 2414.46 1612.26 1812.24 1546.89 1254.17 1083.48 1061.69
threshold=47.250000000000007 10.500000000000002 38.750000000000007 -82.386904761904802 0.6795530544477516 0.2503307826506595 -0.034418420832646471 -0.16464075446128842 54.250000000000007 0.07377645502645501 -0.24582253377884625 414.95000000000005 670.15000000000009 0.071365430951118483
decision_type=10 8 10 8 10 10 8 8 10 10 10 10 10 10
left_child=1 2 10 13 -4 -5 7 -2 9 -8 -1 -9 -10 -3
right_child=6 3 4 5 -6 -7 8 11 12 -11 -12 -13 -14 -15
leaf_value=-0.029424572611848516 -0.42626414751184405 0.38251032054107242 -0.099100745645536059 -0.069999573761022379 0.30052689466753912 0.17865806204869469 0.21357240731805804 0.39122781176836446 0.12919294171863133 0.0102621751975202 -0.46657709821593019 -0.016161070650236475 0.62361565880251657 0.0094425931572914134
leaf_weight=31 24 42 768 400 24 80 332 21 22 164 59 67 28 33
leaf_count=31 24 42 768 400 24 80 332 21 22 164 59 67 28 33
internal_value=0.000421665 -0.0649008 -0.111454 0.00932663 -0.0851187 -0.027039 0.142568 -0.028661 0.177724 0.147222 -0.326002 0.0963261 0.4385 0.229835
internal_weight=2095 1437 882 555 792 480 658 112 546 496 90 88 50 75
internal_count=2095 1437 882 555 792 480 658 112 546 496 90 88 50 75
is_linear=0
shrinkage=0.05


Tree=15
num_leaves=15
num_cat=0
split_feature=79 20 69 73 26 67 35 1 10 77 63 61 24 69
split_gain=3347.41 2053.34 1903.62 1787.24 2187.49 1652.62 1634.66 1617.49 1526.05 1473.67 1422.7 1219.24 1168.03 529.96
threshold=6.5000000000000009 0.16942952844935161 -0.29999999999999993 -972.49999999999989 0.011111120382944763 -2.2107886861266199 0.37115059699863201 0.077522256039083012 0.76493937273820245 2300.1000000000008 -0.10238095238095245 2.5000000000000004 -0.030499592999592973 -0.070136556672375935
decision_type=8 10 8 10 10 8 10 10 10 8 10 8 10 10
left_child=1 3 10 5 -5 -1 7 -3 9 -4 11 -2 -12 -8
right_child=2 6 8 4 -6 -7 13 -9 -10 -11 12 -13 -14 -15
leaf_value=-0.10699727257092795 -0.21785350972414019 0.21394643130847532 0.0195056976560808 -0.10381608586603586 0.10581758398660704 0.15439497155061391 0.60618010882673601 -0.13841656271530234 -0.34539422869682312 -0.21698964209975424 -0.46710033104927451 0.11067237204657153 -0.16900682768338371 0.19095782458782196
leaf_weight=70 45 112 594 356 185 326 24 41 30 69 49 60 114 20
leaf_count=70 45 112 594 356 185 326 24 41 30 69 49 60 114 20
internal_value=0.000537663 0.0586264 -0.0679051 0.0272374 -0.0317258 0.107307 0.203306 0.117814 -0.0235847 -0.00647204 -0.179796 -0.0331725 -0.27015 0.457208
internal_weight=2095 1134 961 937 541 396 197 153 693 663 268 105 163 44
internal_count=2095 1134 961 937 541 396 197 153 693 663 268 105 163 44
is_linear=0
shrinkage=0.05


Tree=16
num_leaves=15
num_cat=0
split_feature=76 34 6 78 6 20 18 44 19 70 1 78 73 15
split_gain=6984.98 1851.08 1591.13 1666.01 1444.5 2206.99 1614.95 2690.35 2038.74 1227.2 1111.71 1035.28 927.414 680.561
threshold=47.250000000000007 0.41720530856400734 -0.072561905210889635 0.69615384615384623 -0.034418420832646471 -0.16464075446128842 0.075769629019002138 0.12410082217926782 0.19519772403873506 -0.5099380232490468 0.011064586743043786 0.53589743589743599 -414.94999999999993 0.022938504318396256
decision_type=10 10 8 2 8 8 8 10 8 10 10 2 10 10
left_child=1 2 10 -4 5 -2 7 -6 -8 13 -1 -11 -7 -3
right_child=4 9 3 -5 6 12 8 -9 -10 11 -12 -13 -14 -15
leaf_value=0.0039898604536667851 -0.40752292008235536 -0.18449811291694643 -0.080629029604658731 0.071791230066927211 0.3464250005515559 -0.0075778772818370609 -0.10423094722597551 -0.070806293744666904 0.17219819969794142 -0.41297897144387935 0.42369013369083408 -0.06539769404028592 0.33902956868211431 0.1775111202840452
leaf_weight=34 24 20 1017 213 191 66 91 46 218 73 25 33 22 22
leaf_count=34 24 20 1017 213 191 66 91 46 218 73 25 33 22 22
internal_value=0.000465055 -0.0612713 -0.0415271 -0.05401 0.134811 -0.0273709 0.168117 0.265447 0.0902676 -0.225929 0.201817 -0.31304 0.092105 0.00277335
internal_weight=2095 1437 1289 1230 658 112 546 237 309 148 59 106 88 42
internal_count=2095 1437 1289 1230 658 112 546 237 309 148 59 106 88 42
is_linear=0
shrinkage=0.05


Tree=17
num_leaves=15
num_cat=0
split_feature=76 79 76 42 76 73 66 66 0 51 58 43 72 51
split_gain=6414.43 2553.92 2334.52 1651.17 1617.46 1601.97 1587.06 1621.89 1470.27 1360.13 1226.29 1100.21 2213.54 1240.83
threshold=45.250000000000007 1.5000000000000002 49.750000000000007 -0.42187203228869835 46.250000000000007 -1817.3499999999997 -0.68585319419701885 -0.50138888259728731 7.416666666666667 0.21060525909775782 -0.10547033945719399 -5.5345549980799351 -0.16043054425002384 -0.10306511845153112
decision_type=8 8 8 8 10 10 8 8 10 10 10 10 8 8
left_child=6 2 5 10 -5 -2 11 -8 -4 -9 -3 13 -13 -1
right_child=1 3 8 4 -6 -7 7 9 -10 -11 -12 12 -14 -15
leaf_value=-0.0092306219298264082 0.36119277458637955 -0.026171718334158264 0.37561119711516722 -0.14973213655005729 0.034555588904353771 0.014563517318595023 0.30090581718832254 -0.085660420165695819 0.00099326025795292198 0.22868884836097025 0.22813286257090329 0.12914306240211895 -0.20498508707100724 -0.42708260633454131
leaf_weight=24 35 70 147 168 377 205 27 519 32 32 134 62 194 69
leaf_count=24 35 70 147 168 377 205 27 519 32 32 134 62 194 69
internal_value=0.000463349 0.0782863 0.176381 0.0225387 -0.0230062 0.0716573 -0.0974322 -0.04579 0.310759 -0.0654219 0.142094 -0.180964 -0.122948 -0.325733
internal_weight=2095 1168 419 749 545 240 927 578 179 551 204 349 256 93
internal_count=2095 1168 419 749 545 240 927 578 179 551 204 349 256 93
is_linear=0
shrinkage=0.05


Tree=18
num_leaves=14
num_cat=0
split_feature=76 79 76 42 61 77 73 70 58 58 4 50 16
split_gain=5803.16 2318.56 2108.77 1495.5 1688.76 1493.45 1466.36 1370.92 1304.09 1238.52 1161.43 1003.5 568.142
threshold=45.250000000000007 1.5000000000000002 49.750000000000007 -0.42187203228869835 24.500000000000004 1152.5500000000002 -113.99999999999999 -0.30488310713302708 -0.086138516664504991 -0.066898995389540986 -0.51637529137529137 -0.17692654916706183 0.047434512525796897
decision_type=8 8 8 8 8 10 8 8 10 10 10 8 8
left_child=6 2 5 10 -5 -2 8 -4 11 -10 -3 -1 -8
right_child=1 3 7 4 -6 -7 12 -9 9 -11 -12 -13 -14
leaf_value=0.032237269636243585 -0.029398331404119345 -0.0035889286223960964 0.069567140675427616 0.022793761862293732 -0.19240262857597809 0.22241697244656586 -0.058984977866594616 0.38183328942819078 0.18030027066883836 -0.089698746941947946 0.23476132590716828 -0.25218002858934147 0.24508959591215432
leaf_weight=35 149 87 52 435 110 91 21 127 41 594 117 198 38
leaf_count=35 149 87 52 435 110 91 21 127 41 594 117 198 38
internal_value=0.000534339 0.0745573 0.168024 0.0214372 -0.0219037 0.0684681 -0.0925789 0.295746 -0.109151 -0.0709152 0.135219 -0.209467 0.139926
internal_weight=2095 1168 419 749 545 240 927 179 868 635 204 233 59
internal_count=2095 1168 419 749 545 240 927 179 868 635 204 233 59
is_linear=0
shrinkage=0.05


end of trees

feature_importances:
opening_total_away=36
wind_speed_away=17
diff_opening_spread=10
diff_travel_miles=9
diff_adj_off_epa_std=8
diff_div_def_epa_roll6=8
diff_punt_return_avg_roll6=8
diff_skill_injury_impact_roll6=7
win_pct_home=7
diff_fg_pct_50plus_std=6
diff_off_cpoe_roll6=6
diff_opp_fumble_recovery_rate_std_roll6=6
travel_miles_away=6
diff_nondiv_def_epa_roll6=5
diff_off_avg_drive_plays_std=5
diff_rb_weighted_epa_roll3=5
diff_rb_weighted_epa_roll6=5
diff_trailing_off_epa_roll6=5
diff_away_off_epa_roll6=4
diff_def_explosive_rush_rate_std=4
diff_div_off_epa_roll6=4
diff_leading_off_epa_roll3=4
diff_off_explosive_rush_rate_roll3=4
diff_off_third_down_rate_roll6=4
diff_opp_fumble_recovery_rate_std=4
diff_skill_injury_impact_roll3=4
diff_win_streak=4
diff_wr_te_weighted_epa_std=4
diff_away_def_epa_roll6=3
diff_def_success_rate_roll6=3
diff_fourth_down_go_rate_std=3
diff_ko_return_avg_std=3
diff_leading_def_epa_roll3=3
diff_off_penalty_yards_drawn_roll6=3
diff_off_rz_success_rate_std=3
diff_off_top_seconds_std=3
ats_margin_avg3_away=2
diff_def_penalty_yards_drawn_roll6=2
diff_div_def_epa_std=2
diff_fg_pct_50plus_roll6=2
diff_fourth_down_success_rate_roll6=2
diff_leading_off_epa_std=2
diff_nondiv_def_epa_roll3=2
diff_nondiv_off_epa_std=2
diff_off_rz_trips_std=2
diff_off_third_down_rate_roll3=2
diff_own_fumble_recovery_rate_std_roll3=2
diff_def_avg_drive_plays_roll3=1
diff_def_injury_impact_roll3=1
diff_def_rz_epa_roll6=1
diff_def_rz_success_rate_roll3=1
diff_def_rz_success_rate_std=1
diff_def_sack_rate_roll6=1
diff_def_third_down_rate_roll3=1
diff_fg_att_std=1
diff_fourth_down_go_rate_roll3=1
diff_fourth_down_success_rate_roll3=1
diff_ko_touchback_rate_roll6=1
diff_off_epa_per_play_roll6=1
diff_off_explosive_pass_rate_roll3=1
diff_off_penalty_yards_drawn_roll3=1
diff_off_rush_epa_std=1
diff_off_rz_td_rate_roll3=1
diff_off_sos_score_roll3=1
diff_off_success_rate_std=1
diff_punt_return_avg_roll3=1

parameters:
[boosting: gbdt]
[objective: regression]
[metric: l2]
[tree_learner: serial]
[device_type: cpu]
[data_sample_strategy: bagging]
[data: ]
[valid: ]
[num_iterations: 500]
[learning_rate: 0.05]
[num_leaves: 31]
[num_threads: 16]
[seed: 42]
[deterministic: 0]
[force_col_wise: 1]
[force_row_wise: 0]
[histogram_pool_size: -1]
[max_depth: 4]
[min_data_in_leaf: 20]
[min_sum_hessian_in_leaf: 0.001]
[bagging_fraction: 0.8]
[pos_bagging_fraction: 1]
[neg_bagging_fraction: 1]
[bagging_freq: 0]
[bagging_seed: 400]
[bagging_by_query: 0]
[feature_fraction: 0.7]
[feature_fraction_bynode: 1]
[feature_fraction_seed: 30056]
[extra_trees: 0]
[extra_seed: 12879]
[early_stopping_round: 0]
[early_stopping_min_delta: 0]
[first_metric_only: 0]
[max_delta_step: 0]
[lambda_l1: 1]
[lambda_l2: 5]
[linear_lambda: 0]
[min_gain_to_split: 0]
[drop_rate: 0.1]
[max_drop: 50]
[skip_drop: 0.5]
[xgboost_dart_mode: 0]
[uniform_drop: 0]
[drop_seed: 17869]
[top_rate: 0.2]
[other_rate: 0.1]
[min_data_per_group: 100]
[max_cat_threshold: 32]
[cat_l2: 10]
[cat_smooth: 10]
[max_cat_to_onehot: 4]
[top_k: 20]
[monotone_constraints: ]
[monotone_constraints_method: basic]
[monotone_penalty: 0]
[feature_contri: ]
[forcedsplits_filename: ]
[refit_decay_rate: 0.9]
[cegb_tradeoff: 1]
[cegb_penalty_split: 0]
[cegb_penalty_feature_lazy: ]
[cegb_penalty_feature_coupled: ]
[path_smooth: 0]
[interaction_constraints: ]
[verbosity: -1]
[saved_feature_importance_type: 0]
[use_quantized_grad: 0]
[num_grad_quant_bins: 4]
[quant_train_renew_leaf: 0]
[stochastic_rounding: 1]
[linear_tree: 0]
[max_bin: 255]
[max_bin_by_feature: ]
[min_data_in_bin: 3]
[bin_construct_sample_cnt: 200000]
[data_random_seed: 175]
[is_enable_sparse: 1]
[enable_bundle: 1]
[use_missing: 1]
[zero_as_missing: 0]
[feature_pre_filter: 1]
[pre_partition: 0]
[two_round: 0]
[header: 0]
[label_column: ]
[weight_column: ]
[group_column: ]
[ignore_column: ]
[categorical_feature: ]
[forcedbins_filename: ]
[precise_float_parser: 0]
[parser_config_file: ]
[objective_seed: 16083]
[num_class: 1]
[is_unbalance: 0]
[scale_pos_weight: 1]
[sigmoid: 1]
[boost_from_average: 1]
[reg_sqrt: 0]
[alpha: 0.9]
[fair_c: 1]
[poisson_max_delta_step: 0.7]
[tweedie_variance_power: 1.5]
[lambdarank_truncation_level: 30]
[lambdarank_norm: 1]
[label_gain: ]
[lambdarank_position_bias_regularization: 0]
[eval_at: ]
[multi_error_top_k: 1]
[auc_mu_weights: ]
[num_machines: 1]
[local_listen_port: 12400]
[time_out: 120]
[machine_list_filename: ]
[machines: ]
[gpu_platform_id: -1]
[gpu_device_id: -1]
[gpu_use_dp: 0]
[num_gpu: 1]

end of parameters

pandas_categorical:[]
